date,open,high,low,close,volume
20091030,6975,6987,6837,6837,15279
20091102,6608,6718,6592,6686,386
20091103,6706,6731,6682,6682,662
20091104,6743,6804,6743,6779,403
20091105,6767,6771,6710,6710,500
20091106,6861,6873,6824,6837,515
20091109,6902,6955,6873,6890,1070
20091110,6943,6991,6922,6991,1189
20091111,7073,7073,6918,6971,652
20091112,7004,7036,6955,6955,2779
20091113,6955,7028,6918,7028,5154
20091116,7110,7191,7073,7191,7619
20091117,7252,7383,7252,7297,11928
20091118,7326,7354,7212,7261,3457
20091119,7265,7338,7256,7314,2259
20091120,8410,8410,7244,7281,20315
20091123,7285,7305,7208,7236,5002
20091124,8316,8316,7220,7281,3348
20091125,7493,7493,7261,7289,4462
20091126,7289,7322,7236,7236,1981
20091127,7102,7130,6849,6869,5545
20091130,6983,7053,6934,7004,2106
20091201,6967,7085,6930,7085,2054
20091202,7179,7220,7167,7199,16861
20091203,7256,7256,7146,7199,1295
20091204,7191,7199,7134,7191,14559
20091207,7232,7232,7024,7089,3579
20091208,7163,7163,6983,7012,3507
20091209,7077,7077,6906,7004,1107
20091210,7061,7061,6975,7044,13646
20091211,7110,7261,7077,7261,5760
20091214,7265,7358,7203,7354,2937
20091215,7664,7664,7297,7354,3411
20091216,7362,7362,7281,7326,1748
20091217,7342,7403,7330,7342,1615
20091218,7289,7342,7285,7338,2266
20091221,7338,7338,7212,7212,1535
20091222,7322,7322,7183,7183,830
20091223,7322,7322,7163,7212,710
20091224,7330,7420,7228,7383,1859
20091228,7411,7481,7383,7444,5044
20091229,7497,7550,7460,7481,7652
20091230,7526,7607,7509,7595,3915
20100104,7595,7619,7562,7607,1472
20100105,7652,7746,7644,7680,3617
20100106,8830,8830,7693,7733,2726
20100107,7835,7835,7693,7701,12861
20100108,7717,7717,7554,7664,2884
20100111,7542,7807,7542,7705,2960
20100112,7746,7746,7648,7729,2397
20100113,7591,7599,7432,7432,6363
20100114,7428,7497,7420,7432,1539
20100115,7583,7583,7387,7473,3311
20100118,7615,7615,7354,7489,3273
20100119,7526,7530,7444,7526,3219
20100120,7526,7668,7526,7574,8236
20100121,7497,7513,7444,7452,3326
20100122,7375,7375,7179,7240,10147
20100125,7240,7240,7057,7150,3904
20100126,7150,7155,6971,7000,2445
20100127,7150,7150,6869,6922,2211
20100128,7130,7130,6816,6967,3540
20100129,6832,6894,6775,6775,5982
20100201,6775,6812,6694,6771,9655
20100202,7036,7036,6771,6808,1174
20100203,6910,6979,6902,6975,2959
20100204,6951,6951,6894,6930,1026
20100205,6649,6694,6633,6653,4135
20100208,6996,6996,6433,6433,6474
20100209,6812,6812,6400,6551,50751
20100210,6641,6645,6559,6608,29807
20100211,6616,6751,6596,6751,11371
20100212,6686,6755,6625,6747,33074
20100216,6731,6898,6694,6898,12856
20100217,6963,6991,6926,6947,2969
20100218,6951,6959,6894,6959,10548
20100219,6906,6951,6824,6828,1389
20100222,7000,7044,6967,7032,2006
20100223,7040,7089,7028,7081,1914
20100224,7081,7081,6971,7012,748
20100225,7061,7061,6930,6934,641
20100226,7240,7240,6910,6971,1070
20100302,7097,7122,7000,7040,3322
20100303,7093,7093,7016,7024,873
20100304,7085,7085,6975,7024,1856
20100305,7044,7069,7024,7044,692
20100308,7130,7224,7130,7224,15739
20100309,7228,7228,7183,7208,1639
20100310,7322,7322,7163,7163,1654
20100311,7297,7297,7138,7171,1082
20100312,7159,7273,7118,7273,172866
20100315,7277,7338,7224,7252,25907
20100316,7252,7252,7142,7175,1035
20100317,7273,7273,7216,7269,526
20100318,7273,7297,7248,7289,1208
20100319,7293,7314,7265,7314,382
20100322,7314,7314,7216,7256,120
20100323,7285,7285,7134,7216,2669
20100324,7391,7391,7175,7220,580
20100325,7240,7240,7122,7159,659
20100326,7024,7175,7024,7175,3513
20100329,7208,7244,7175,7244,946
20100330,7244,7330,7244,7277,1279
20100331,7216,7240,7183,7220,316
20100401,7240,7273,7240,7248,2037
20100402,7305,7330,7277,7330,1677
20100405,7334,7367,7265,7326,4137
20100406,7375,7464,7367,7436,1427
20100407,7428,7538,7428,7538,4066
20100408,7538,7583,7509,7570,2555
20100409,7566,7587,7460,7501,2492
20100412,7566,7566,7428,7513,10531
20100413,7338,7501,7338,7444,783
20100414,7407,7493,7407,7485,764
20100415,7534,7534,7460,7501,320
20100416,7574,7574,7407,7436,8436
20100419,7436,7436,7216,7216,2655
20100420,7346,7379,7265,7338,727
20100421,7411,7477,7383,7477,2579
20100422,7477,7481,7420,7444,760
20100423,7444,7464,7432,7452,695
20100426,7452,7579,7452,7534,2738
20100427,7583,7583,7501,7513,426
20100428,7513,7513,6461,7420,2885
20100429,7468,7468,7301,7367,9107
20100430,7701,7701,7155,7155,11484
20100503,7073,7155,7036,7036,10238
20100504,7183,7183,6991,7049,2223
20100506,6898,6902,6849,6902,3238
20100507,6726,6816,6657,6763,1422
20100510,7085,7085,6796,6971,1778
20100511,7053,7053,6849,6853,1600
20100512,6971,6971,6800,6845,903
20100513,6930,6947,6898,6914,1307
20100514,6902,6947,6869,6947,1643
20100517,6885,6885,6702,6706,473
20100518,6682,6682,6592,6665,280
20100519,6645,6645,6437,6551,1143
20100520,6812,6812,6360,6388,3350
20100524,6629,6629,6368,6620,987
20100525,6547,6547,6343,6449,880
20100526,6808,6808,6490,6563,681
20100527,6392,6739,6392,6694,971
20100528,6771,6784,6726,6735,924
20100531,6808,6808,6735,6796,517
20100601,6845,6845,6726,6726,502
20100603,6808,6845,6775,6845,1444
20100604,6845,6845,6645,6665,5863
20100607,6661,6661,6441,6494,3673
20100608,6641,6641,6494,6543,625
20100609,6539,6637,6523,6637,840
20100610,6625,6767,6608,6718,5721
20100611,6849,6849,6755,6804,156
20100614,6845,6951,6845,6930,4467
20100615,6971,6996,6914,6955,2189
20100616,6996,7061,6996,7008,3259
20100617,6873,7102,6873,7093,1750
20100618,7093,7114,7004,7004,705
20100621,7175,7411,7175,7403,11152
20100622,7403,7420,7371,7379,2322
20100623,7420,7501,7342,7452,4846
20100624,7452,7513,7436,7477,6726
20100625,7477,7477,7330,7379,1436
20100628,7574,7574,7411,7420,419
20100629,7501,7501,7208,7216,1356
20100630,7150,7150,7024,7126,3257
20100701,7069,7163,7036,7163,1644
20100702,7216,7216,7093,7093,760
20100705,7334,7334,7093,7199,1271
20100706,7199,7199,7097,7187,708
20100707,7106,7252,7106,7212,79
20100708,7224,7432,7224,7424,1703
20100709,7424,7505,7387,7436,300
20100712,7411,7509,7411,7448,397
20100713,7477,7583,7456,7583,2602
20100714,7509,7583,7509,7574,3119
20100715,7521,7530,7485,7501,824
20100716,7420,7583,7420,7485,1545
20100719,7485,7517,7134,7493,378
20100720,7579,7656,7489,7648,2029
20100721,7664,7884,7664,7884,5004
20100722,7909,7990,7860,7880,3062
20100723,8047,8047,7852,7917,3413
20100726,8471,8471,7892,7933,5105
20100727,8092,8092,7884,7892,1855
20100728,7868,7892,7786,7892,2846
20100729,7892,7897,7864,7864,959
20100730,7905,7905,7689,7717,1068
20100802,7746,7958,7746,7954,402
20100803,8194,8194,8007,8113,591
20100804,8182,8284,8100,8284,1894
20100805,8561,8561,8251,8341,3906
20100806,8341,8341,8170,8341,3052
20100809,8035,8235,8035,8210,2153
20100810,8292,8337,8239,8325,1312
20100811,8316,8316,8210,8227,824
20100812,8219,8219,7831,7831,3075
20100813,7835,8039,7835,8039,697
20100816,8039,8039,7827,7958,1090
20100817,8015,8129,8015,8113,1188
20100818,8121,8137,8027,8072,2874
20100819,8015,8235,8015,8198,1131
20100820,8198,8198,6975,8076,3735
20100823,8003,8076,7909,7925,1777
20100824,7925,8011,7827,7905,746
20100825,7844,7844,7689,7725,1474
20100826,7758,7852,7754,7766,802
20100827,7729,7770,7705,7766,1506
20100830,7990,8007,7880,8007,1476
20100831,8007,8051,7925,8051,350
20100901,8092,8121,8011,8076,1875
20100902,8190,8288,8133,8288,1981
20100903,8288,8369,8166,8198,1797
20100906,8235,8247,8117,8219,2326
20100907,8300,8496,8300,8463,716
20100908,8537,8537,8398,8431,1813
20100909,8508,8512,8455,8471,998
20100910,8496,8618,8471,8492,5423
20100913,8573,8683,8561,8671,3068
20100914,8704,8724,8626,8655,174510
20100915,8724,8724,8643,8716,2478
20100916,8716,8716,8541,8541,261701
20100917,8541,8602,8528,8602,87103
20100920,8528,8590,8435,8581,87336
20100924,8708,8716,8606,8692,1089
20100927,8965,8965,7909,8887,3565
20100928,8887,9038,8887,9030,874
20100929,9014,9071,8952,8985,88876
20100930,8985,9063,8965,9054,2317
20101001,9046,9071,8969,9026,1995
20101004,9030,9030,8818,8818,260521
20101005,8818,8908,8765,8789,1499
20101006,8708,9079,8708,9079,3274
20101007,9079,9185,8993,9063,5029
20101008,9213,9389,9050,9071,5065
20101011,9372,9372,9030,9083,6306
20101012,9328,9328,8904,9050,3301
20101013,9050,9050,8802,8948,175181
20101014,8985,8989,8846,8936,2806
20101015,8997,8997,8908,8916,1353
20101018,8916,8969,8875,8883,816
20101019,8863,8871,8626,8626,90494
20101020,8626,8626,8459,8618,2024
20101021,8920,8920,8475,8553,3157
20101022,8553,8724,8553,8724,1813
20101025,8863,8863,8687,8757,2684
20101026,8965,8965,8765,8867,2277
20101027,8842,8842,8626,8732,3442
20101028,8606,8667,8500,8500,2934
20101029,8500,8545,8422,8484,2638
20101101,8484,8643,8431,8643,2359
20101102,8643,8781,8643,8781,4316
20101103,8757,8920,8757,8871,5164
20101104,8867,8887,8822,8846,2348
20101105,8912,9030,8912,8928,6102
20101108,8936,9169,8936,9169,7233
20101109,9169,9169,9046,9132,2174
20101110,9132,9254,9132,9254,1736
20101111,9262,9336,9181,9222,1302
20101112,9222,9254,8883,8916,30056
20101115,8916,8916,8716,8822,1406
20101116,9364,9364,8757,8789,1096
20101117,8561,8818,8561,8781,987
20101118,8781,8985,8781,8985,452
20101119,8989,9022,8826,8912,1502
20101122,8940,9026,8879,8887,1265
20101123,8912,8912,8732,8802,1246
20101124,8724,8851,8687,8806,884
20101125,8806,8806,8708,8732,613
20101126,8883,8883,8634,8667,1082
20101129,8667,8724,8602,8602,351
20101130,8634,8749,8634,8749,1659
20101201,8749,8846,8749,8814,458
20101202,8891,8948,8846,8948,1082
20101203,8952,8957,8793,8793,550
20101206,8952,8952,8659,8704,1236
20101207,8643,9010,8643,8993,1157
20101208,8993,9001,8924,8977,1140
20101209,9050,9091,9018,9091,571
20101210,9091,9132,9091,9132,2450
20101213,9132,9152,9120,9140,2479
20101214,9336,9336,9148,9181,6379
20101215,9054,9283,9054,9283,6967
20101216,9381,9381,9201,9250,3133
20101217,9054,9295,9054,9250,2118
20101220,9254,9254,9075,9193,34936
20101221,9083,9621,9083,9597,4930
20101222,9625,9662,9515,9535,9068
20101223,9376,9568,9376,9458,4816
20101224,9381,9470,9376,9466,31717
20101227,9593,9593,9315,9340,9007
20101228,9185,9466,9185,9454,1001
20101229,9617,9617,9507,9535,1152
20101230,9434,9580,9434,9548,1422
20110103,9540,9699,9540,9666,3951
20110104,9743,9866,9711,9866,8165
20110105,11321,11321,9784,9947,5772
20110106,10029,10045,9890,9923,5932
20110107,9923,9939,9756,9821,7922
20110110,9821,9821,9727,9784,2045
20110111,9805,10012,9731,10012,42510
20110112,10029,10192,10029,10192,3470
20110113,10123,10127,10004,10094,20103
20110114,9992,10094,9862,10090,11303
20110117,10025,10025,9731,9800,64290
20110118,9906,9906,9703,9862,89445
20110119,9784,10012,9768,9931,90659
20110120,9931,9947,9878,9894,88476
20110121,9788,9943,9674,9674,90445
20110124,9544,9858,9544,9858,4357
20110125,9898,9943,9829,9939,4893
20110126,9943,9968,9858,9927,930
20110127,9927,10033,9898,10033,15984
20110128,10033,10033,9837,9882,87810
20110131,9703,9972,9703,9878,4612
20110201,9890,10029,9862,9862,4229
20110207,9915,10184,9915,10151,23223
20110208,10151,10347,10102,10273,8216
20110209,10273,10424,10273,10355,13485
20110210,10355,10526,10200,10355,100118
20110211,10355,10355,10029,10045,178312
20110214,10045,11496,9902,11496,68715
20110215,10840,10840,10127,10298,108209
20110216,10127,10428,10127,10339,6062
20110217,10428,10428,10045,10216,3105
20110218,10428,10428,10110,10355,7216
20110221,10282,10355,10147,10184,88665
20110222,10408,10408,9947,10070,18496
20110223,10061,10074,9817,9898,17966
20110224,10135,10135,9752,9752,89401
20110225,10118,10118,9747,10070,3587
20110228,9878,9996,9784,9821,7042
20110302,9784,9943,9776,9931,2208
20110303,9964,10025,9927,10025,8321
20110304,10049,10110,9931,10029,5939
20110307,10029,10074,9878,9931,2820
20110308,10180,10180,9931,10155,2966
20110309,10155,10196,9996,10045,7494
20110310,10070,10070,9951,10029,3908
20110311,10021,10025,9792,10025,1552
20110314,11007,11007,10070,10510,41463
20110315,10510,10510,9788,10180,21582
20110316,10180,10318,10029,10102,10825
20110317,9809,10212,9809,10208,12215
20110318,10273,10461,10249,10461,958889
20110321,11293,11293,10449,10449,11030
20110322,10522,10640,10441,10583,21679
20110323,10600,10795,10600,10750,10906
20110324,10836,10913,10783,10828,11709
20110325,10926,11048,10812,10816,93675
20110328,10926,11048,10738,11048,7947
20110329,11089,11252,11032,11252,14421
20110330,11256,11289,11187,11248,20509
20110331,11252,11415,11015,11105,27330
20110401,11211,11403,11077,11390,94896
20110404,11554,11554,11256,11403,15419
20110405,11403,11456,11309,11395,8637
20110406,11407,11806,11403,11688,17752
20110407,11782,11872,11656,11819,42221
20110408,11819,11957,11782,11843,17587
20110411,11843,12067,11843,11986,17302
20110412,11986,11986,11709,11709,30531
20110413,11709,11851,11545,11823,104693
20110414,11847,11986,11782,11921,12830
20110415,11925,12063,11921,12027,9532
20110418,12035,12230,11782,11945,26117
20110419,11863,12194,11863,11868,18894
20110420,11908,12336,11908,12283,13832
20110421,12287,12557,12251,12357,113258
20110422,12711,12711,12222,12222,13930
20110425,12312,12638,12304,12638,23632
20110426,12801,12801,12190,12271,42415
20110427,12516,12516,11925,12096,30945
20110428,12284,12284,11961,12043,7560
20110429,11977,12190,11477,11588,37690
20110502,11588,11895,11456,11891,43769
20110503,12051,12051,11620,11678,15604
20110504,11788,11833,11567,11833,16350
20110506,11780,11780,11075,11342,441008
20110509,11342,11342,11096,11198,4307
20110511,11337,11497,11325,11387,98048
20110512,11387,11387,10960,10960,8011
20110513,11096,11096,10792,10981,9632
20110516,10981,10981,10727,10727,8066
20110517,10669,10854,10669,10706,5024
20110518,10706,11120,10706,11120,2550
20110519,11178,11178,10821,10842,3098
20110520,10821,11030,10821,10960,2254
20110523,10882,10887,10714,10727,3789
20110524,10485,10903,10485,10801,4697
20110525,10805,10948,10575,10628,3542
20110526,10690,10891,10690,10891,4050
20110527,11100,11100,10801,10801,4322
20110530,11014,11014,10801,10825,3814
20110531,10874,11190,10874,11190,11107
20110601,11165,11526,11038,11153,6231
20110602,11149,11149,10776,10936,4754
20110603,10903,10928,10649,10698,15016
20110607,10657,10739,10538,10571,3033
20110608,10555,10842,10555,10747,7953
20110609,10710,11026,10698,11026,1807
20110610,11108,11112,10780,10813,258786
20110613,10632,10923,10632,10739,1399
20110614,10772,11055,10772,11034,3677
20110615,11034,11182,10903,11042,175588
20110616,11038,11038,10784,10821,3980
20110617,10821,10993,10755,10878,4108
20110620,10887,11231,10887,11153,6229
20110621,11477,11477,11231,11403,4738
20110622,11407,11473,11272,11436,5291
20110623,11378,11436,11284,11436,1819
20110624,11419,11592,10657,11555,16251
20110627,11555,11555,11251,11342,3297
20110628,11342,11415,11145,11206,3641
20110629,11456,11456,11305,11391,6330
20110630,11452,11674,11424,11670,10395
20110701,11674,11674,11583,11608,6091
20110704,11616,11706,11567,11629,6025
20110705,11706,11846,11694,11825,8029
20110706,11879,11956,11813,11936,6777
20110707,11911,12092,11911,12051,20299
20110708,12051,12120,11965,11993,9302
20110711,11911,12051,11895,11985,5260
20110712,11977,11977,11522,11608,6106
20110713,11522,11768,11522,11711,347370
20110714,11711,11874,11645,11645,16325
20110715,11805,12043,11805,12026,24715
20110718,11985,12530,11891,11903,8915
20110719,12043,12116,11956,11981,4786
20110720,12256,12256,12055,12141,6686
20110721,11985,12165,11985,12165,4790
20110722,12137,12297,12055,12280,5479
20110725,12215,12297,12178,12297,17535
20110726,12297,12329,12252,12329,5595
20110727,12293,12297,12157,12231,4613
20110728,11858,12399,11858,11879,2777
20110729,12153,12157,11883,11936,5584
20110801,12055,12297,12051,12219,5175
20110802,12219,12219,11862,11973,7755
20110803,11874,11874,11649,11760,8893
20110804,11760,11760,11231,11280,20514
20110805,10686,10960,10571,10870,9363
20110808,11067,11067,9968,10477,10105
20110809,10444,10444,9374,10034,11344
20110810,10489,10489,10083,10272,4270
20110811,9599,10440,9599,10395,10514
20110812,10706,10706,10280,10309,13601
20110816,10448,10842,10448,10842,9492
20110817,10669,11038,10669,10964,2331
20110818,11149,11157,10710,10809,3780
20110819,10534,10616,10272,10288,3261
20110822,10817,10825,9907,9952,3874
20110823,10493,10493,10116,10255,3455
20110824,10350,10411,10124,10223,3642
20110825,10177,10341,9993,10018,2363
20110826,9985,10116,9952,10091,41931
20110829,10100,10505,10100,10436,2920
20110830,10436,10657,10436,10542,2001
20110831,10780,10788,10587,10788,2471
20110901,10899,11178,10788,10936,28350
20110902,10936,10944,10755,10850,5041
20110905,11083,11083,10493,10534,1633
20110906,10341,10710,10341,10587,19388
20110907,10842,10948,10706,10948,15969
20110908,10985,11092,10743,10842,3380
20110909,10760,10903,10698,10698,3021
20110914,10944,10944,10223,10313,2448
20110915,10395,10587,10284,10477,1952
20110916,10477,10743,10477,10743,39483
20110919,10829,10829,10411,10489,3811
20110920,10575,10575,10305,10395,3109
20110921,10370,10411,10231,10387,1436
20110922,10362,10362,9997,10067,1111
20110923,9263,9558,9124,9124,9540
20110926,9345,9345,8444,8444,3048
20110927,8833,8935,8743,8935,3747
20110928,9075,9226,8858,8858,2585
20110929,9013,9013,8550,9001,5186
20110930,8972,8972,8755,8874,1408
20111004,8874,8874,8181,8362,4970
20111005,8591,8591,7878,8083,3244
20111006,8095,8357,8095,8280,4158
20111007,8444,8915,8444,8915,2093
20111010,8874,9030,8833,8878,1583
20111011,8907,9153,8907,9058,3351
20111012,8837,8976,8202,8968,1971
20111013,9222,9222,9095,9095,7710
20111014,8964,9075,8845,9075,2520
20111017,9222,9235,9063,9161,1608
20111018,9157,9157,8796,8853,17238
20111019,8858,8923,8841,8923,1283
20111020,8923,9075,8595,8603,8128
20111021,8751,8755,8526,8755,5679
20111024,9013,9067,8812,9063,5661
20111025,8952,9235,8952,9063,10686
20111026,9030,9231,9005,9157,2759
20111027,9423,9833,9231,9739,4948
20111028,9985,10132,9759,9768,20277
20111031,9755,9792,9526,9583,3449
20111101,9583,9595,9395,9489,4851
20111102,9395,9395,9083,9304,1597
20111103,9390,9403,9185,9222,878
20111104,9468,9558,9419,9526,6969
20111107,9526,9534,9427,9460,3788
20111108,9419,9694,9419,9534,3406
20111109,9727,9727,9440,9550,2546
20111110,9427,9497,9013,9013,1918
20111111,9345,9345,9067,9226,933
20111114,9550,9706,9460,9702,1908
20111115,9620,9845,9546,9665,6517
20111116,9640,9747,9444,9497,2654
20111117,9304,9534,9304,9509,3025
20111118,9300,9354,9181,9235,11431
20111121,9497,9497,9017,9083,448
20111122,9058,9058,8853,8952,657
20111123,8849,8903,8689,8735,1999
20111124,8710,8751,8567,8751,592
20111125,8718,8718,8616,8653,2066
20111128,8931,8931,8730,8915,934
20111129,8890,9177,8649,9173,1192
20111130,9017,9099,8993,9001,2272
20111201,9509,9743,9509,9649,8199
20111202,9936,9936,9571,9595,3721
20111205,9571,9673,9489,9554,4548
20111206,9509,9518,9407,9427,2688
20111207,9395,9546,9395,9485,2853
20111208,9452,9542,9345,9522,708
20111209,9546,9563,9263,9329,368
20111212,9243,9489,9243,9378,14987
20111213,9272,9272,9161,9198,3422
20111214,9104,9161,9087,9140,808
20111215,8944,8944,8886,8886,4737
20111216,8796,8812,8714,8812,4599
20111219,8788,8788,8382,8501,1946
20111220,8468,8636,8468,8632,841
20111221,8681,8890,8681,8780,9882
20111222,8780,8841,8759,8821,486
20111223,8788,9058,8788,8903,1342
20111226,9386,9386,8468,8845,1002
20111227,8710,8927,8599,8747,4401
20111228,8763,8808,8747,8755,1663
20111229,8747,8812,8636,8812,293
20120102,9788,9788,8612,8636,6915
20120103,8776,8935,8694,8886,4028
20120104,8935,9087,8935,9058,2344
20120105,9067,9157,9017,9132,2521
20120106,8911,9075,8853,8968,1190
20120109,9132,9132,8776,8804,1146
20120110,9083,9099,8886,9075,1451
20120111,9091,9165,9022,9099,1411
20120112,9067,9329,9067,9308,1068
20120113,9354,9464,9329,9382,1455
20120116,9276,9341,9255,9276,1500
20120117,9464,9518,9411,9509,2534
20120118,9530,9673,9448,9624,1031
20120119,9628,9813,9628,9768,4164
20120120,9759,9948,9759,9870,7612
20120125,9837,10173,9837,9973,8347
20120126,9968,10054,9936,10042,4002
20120127,10009,10120,10009,10120,5853
20120130,10116,10116,9841,9845,9707
20120131,10075,10075,9866,9981,2718
20120201,9981,10108,9911,10022,57714
20120202,10116,10366,10116,10325,34966
20120203,10440,10440,10247,10305,99315
20120206,10309,10403,10132,10190,235914
20120207,10272,10272,10108,10136,19761
20120208,10206,10362,10206,10346,81494
20120209,10247,10423,10247,10423,7350
20120210,10350,10657,10350,10542,11101
20120213,10542,10583,10481,10538,9045
20120214,10473,10473,10276,10313,5905
20120215,10317,10370,10280,10341,13255
20120216,10231,10649,10042,10075,8378
20120217,10272,10272,10128,10223,8759
20120220,10489,10489,10223,10444,74874
20120221,10468,10477,10247,10321,10267
20120222,10321,10354,10247,10337,6152
20120223,10231,10358,10186,10358,6001
20120224,10358,10432,10305,10432,2338
20120227,10411,10411,10272,10272,5597
20120228,10329,10399,10272,10329,3455
20120229,10411,10522,10411,10485,5160
20120302,10485,10522,10378,10509,16203
20120305,10493,10493,10296,10362,9955
20120306,10329,10341,10108,10165,8739
20120307,10161,10161,9977,10001,100713
20120308,10026,10120,10001,10108,3269
20120309,10165,10165,10038,10091,9930
20120312,10091,10091,9895,9895,2700
20120313,10087,10087,9854,9927,78835
20120314,10001,10030,9948,9956,41510
20120315,10030,10030,9747,9755,9951
20120316,9833,9907,9813,9899,6273
20120319,10001,10087,9915,9936,8117
20120320,9932,10091,9927,9932,7145
20120321,9862,9862,9681,9714,3056
20120322,9714,9714,9477,9513,12794
20120323,9513,9612,9468,9604,3450
20120326,9714,9714,9460,9477,11944
20120327,9866,9866,9624,9661,68882
20120328,9526,9677,9526,9538,3842
20120329,9452,9587,9419,9542,7107
20120330,9538,9698,9538,9599,138505
20120402,9571,9755,9571,9706,28885
20120403,9718,9768,9677,9743,6906
20120404,9870,9870,9472,9530,14288
20120405,9526,9599,9390,9558,8694
20120406,9505,9632,9505,9579,5413
20120409,9587,9587,9427,9444,940
20120410,9550,9550,9477,9534,6219
20120412,9612,9653,9472,9653,5440
20120413,9751,9903,9751,9870,6022
20120416,9858,9858,9645,9706,3694
20120417,9759,9759,9653,9727,2302
20120418,9829,9829,9665,9665,3376
20120419,9747,9747,9636,9636,1511
20120420,9636,9657,9542,9542,8905
20120423,9583,9669,9550,9645,2804
20120424,9608,9608,9354,9399,8805
20120425,9423,9423,9296,9317,3839
20120426,9317,9329,9022,9095,4585
20120427,9361,9361,9091,9199,2986
20120430,9340,9340,9112,9178,4023
20120502,9178,9295,9153,9270,5496
20120503,9237,9245,9191,9224,63170
20120504,9241,9299,9187,9299,5496
20120507,9178,9224,9108,9112,3280
20120508,9361,9361,9137,9170,6410
20120509,9170,9174,8979,8983,2742
20120510,8971,8983,8854,8971,3373
20120511,9029,9029,8788,8838,2739
20120514,8784,8809,8680,8717,19355
20120515,8601,8705,8476,8705,2012
20120516,8834,8834,8472,8485,5144
20120517,8688,8688,8439,8493,4502
20120518,8414,8414,8194,8231,12861
20120521,8339,8348,8157,8256,1371
20120522,8431,8431,8231,8373,8670
20120523,8530,8530,8115,8169,2814
20120524,8306,8306,8144,8182,129274
20120525,8248,8422,8240,8373,13757
20120529,8389,8530,8389,8518,2536
20120530,8530,8530,8439,8476,2044
20120531,8472,8472,8331,8422,2556
20120601,8364,8364,8227,8302,2254
20120604,8136,8202,8099,8115,4303
20120605,8182,8306,8177,8285,101924
20120607,8389,8555,8389,8435,53074
20120608,8638,8638,8518,8564,76007
20120611,8597,8805,8597,8796,4360
20120612,8618,8751,8618,8705,7142
20120613,8796,8796,8618,8684,1611
20120614,8680,8813,8680,8775,88221
20120615,8838,8950,8825,8937,7167
20120618,9021,9091,8979,9025,3136
20120619,8971,9070,8962,9041,960
20120620,8979,9075,8979,9025,4354
20120621,8983,9033,8888,8967,3333
20120622,8809,8809,8597,8609,22542
20120625,8622,8651,8472,8651,13928
20120626,8560,8614,8526,8535,539
20120627,8514,8572,8439,8551,5614
20120628,8622,8622,8510,8584,31180
20120629,8493,8713,8452,8659,6349
20120702,8780,8813,8751,8792,627
20120703,8771,8888,8771,8879,2204
20120704,8921,9012,8896,8917,6341
20120705,8879,8954,8879,8900,30006
20120706,8937,8937,8742,8834,11092
20120709,8734,8805,8709,8780,1899
20120710,8780,8780,8659,8692,869
20120711,8630,8680,8605,8659,2473
20120712,8638,8676,8485,8485,759
20120713,8485,8564,8439,8555,7873
20120716,8614,8614,8539,8584,4648
20120717,8605,8738,8547,8680,1044
20120718,8643,8643,8472,8485,2157
20120719,8643,8705,8605,8659,2342
20120720,8722,8722,8643,8705,835
20120723,8605,8605,8472,8555,1616
20120724,8522,8555,8406,8555,1075
20120725,8381,8431,8323,8323,10613
20120726,8410,8597,8368,8580,784
20120727,8701,8713,8605,8684,1075
20120730,8767,8767,8626,8626,1000
20120731,8668,8805,8601,8800,878
20120801,8705,8829,8680,8800,1835
20120802,8755,8817,8726,8738,3191
20120803,8688,8742,8655,8713,810
20120806,8817,8829,8788,8829,1496
20120807,8842,8859,8817,8825,1622
20120808,8859,8996,8859,8871,5371
20120809,8925,9137,8921,9104,8699
20120810,9079,9162,9079,9145,870
20120813,9178,9178,9083,9083,9657
20120814,9133,9203,9129,9203,3155
20120816,9207,9266,9162,9195,1843
20120817,9237,9332,9220,9315,1589
20120820,9311,9336,9274,9307,1256
20120821,9336,9353,9195,9195,10749
20120822,9207,9220,9062,9137,5050
20120823,9149,9261,9149,9237,5080
20120824,9207,9207,9099,9203,2838
20120827,9207,9386,9207,9374,2225
20120828,9361,9398,9266,9398,1239
20120829,9336,9365,9282,9320,683
20120830,9286,9286,9087,9133,1274
20120831,9095,9149,9087,9145,707
20120903,9187,9253,9054,9253,5005
20120904,9253,9253,9153,9232,256
20120905,9153,9191,9041,9070,1123
20120906,9029,9112,9025,9070,326
20120907,9241,9274,9195,9274,497
20120910,9353,9423,9311,9311,1938
20120911,9261,9436,9257,9436,3766
20120912,9440,9544,9428,9469,5429
20120913,9544,9544,9378,9411,1734
20120914,9722,9901,9722,9843,112905
20120917,9901,9963,9880,9893,102363
20120918,9810,9901,9739,9880,52155
20120919,9876,9955,9830,9943,2323
20120920,9889,9951,9876,9893,3270
20120921,9889,10001,9889,9897,1162
20120924,9872,9876,9739,9839,2547
20120925,9818,9847,9685,9735,5922
20120926,9639,9644,9544,9619,1933
20120927,9498,9677,9494,9677,25319
20120928,9706,9776,9702,9776,3656
20121002,9764,9776,9718,9768,1797
20121004,9747,9801,9677,9764,8035
20121005,9830,9851,9710,9768,36073
20121008,9702,9706,9614,9664,30497
20121009,9664,9664,9560,9565,31797
20121010,9511,9511,9365,9415,96338
20121011,9353,9394,9224,9332,51137
20121012,9320,9336,9245,9249,32999
20121015,9220,9220,8991,9079,17632
20121016,9108,9245,9079,9245,5569
20121017,9257,9332,9245,9266,2140
20121018,9266,9274,9162,9237,4723
20121019,9237,9237,9178,9199,28056
20121022,9029,9149,9029,9112,1190
20121023,9124,9124,9008,9029,1970
20121024,8933,9037,8925,8958,3297
20121025,8937,8937,8767,8813,7007
20121026,8821,8896,8771,8800,2461
20121029,8771,8863,8771,8800,5048
20121030,8825,8859,8759,8767,1035
20121031,8746,8883,8726,8883,6677
20121101,8829,8829,8638,8688,13167
20121102,8775,8775,8684,8701,48020
20121105,8651,8651,8547,8576,2095
20121106,8551,8784,8551,8784,711
20121107,8896,8917,8821,8917,854
20121108,8767,8792,8680,8746,733
20121109,8705,8705,8543,8643,1135
20121112,8684,8684,8564,8576,57391
20121113,8593,8609,8485,8497,4392
20121114,8514,8514,8468,8506,30107
20121115,8398,8398,8314,8356,3535
20121116,8310,8364,8265,8298,4158
20121119,8339,8389,8339,8389,840
20121120,8497,8543,8447,8489,493
20121121,8489,8489,8265,8306,57613
20121122,8323,8385,8306,8314,1060
20121123,8331,8460,8331,8398,5242
20121126,8452,8535,8443,8518,8889
20121127,8539,8713,8539,8713,4760
20121128,8647,8647,8435,8476,3692
20121129,8568,8746,8564,8746,13998
20121130,8738,8759,8643,8709,103301
20121203,8647,8701,8609,8622,5245
20121204,8597,8597,8543,8572,1143
20121205,8547,8680,8526,8668,2514
20121206,8697,8846,8697,8846,7205
20121207,8850,8954,8842,8879,3423
20121210,8854,8937,8788,8838,4495
20121211,8834,8975,8834,8958,20217
20121212,9029,9037,8967,9025,4898
20121213,9004,9021,8867,8917,5264
20121214,8888,8888,8763,8867,6086
20121217,8879,8929,8867,8867,2520
20121218,8925,9008,8925,9008,10285
20121220,8991,9004,8929,8979,6908
20121221,8983,8983,8755,8863,224648
20121224,8863,8867,8788,8834,209149
20121226,8859,8892,8842,8846,4684
20121227,8925,8954,8888,8913,5637
20121228,8950,9008,8925,9004,178892
20130102,9058,9174,9045,9174,14565
20130103,9216,9220,9149,9178,8002
20130104,9195,9195,8967,8967,44921
20130107,9041,9041,8933,8987,5629
20130108,9000,9000,8809,8809,14608
20130109,8888,8921,8888,8904,5511
20130110,8879,8913,8800,8908,9621
20130111,8979,8979,8809,8892,41506
20130114,8892,8892,8796,8813,5884
20130115,8796,8817,8751,8755,1491
20130116,8780,8829,8726,8726,9038
20130117,8771,8805,8713,8755,5219
20130118,8813,8813,8759,8767,632
20130121,8809,8842,8746,8834,5115
20130122,8834,8834,8763,8809,5009
20130123,8842,8854,8734,8738,5925
20130124,8742,8838,8713,8780,5445
20130125,8817,8817,8580,8618,6362
20130128,8634,8634,8489,8580,54811
20130129,8497,8580,8497,8580,7075
20130130,8576,8601,8501,8543,2650
20130131,8535,8555,8460,8518,2437
20130201,8514,8514,8406,8485,50815
20130204,8564,8564,8431,8431,16185
20130205,8393,8398,8306,8310,5607
20130206,8368,8452,8360,8452,3849
20130207,8547,8547,8447,8456,2685
20130208,8398,8443,8360,8443,2346
20130212,8456,8456,8373,8389,2288
20130213,8435,8663,8427,8663,11014
20130214,8643,8784,8643,8763,6290
20130215,8784,8796,8717,8738,3605
20130218,8672,8672,8622,8655,2647
20130219,8684,8713,8638,8676,7054
20130220,8676,8788,8672,8771,15766
20130221,8692,8722,8597,8630,23984
20130222,8555,8659,8555,8609,3006
20130225,8601,8605,8522,8551,8886
20130226,8543,8564,8535,8551,4306
20130227,8555,8580,8464,8510,27669
20130228,8518,8593,8485,8551,6594
20130304,8555,8555,8393,8418,9090
20130305,8418,8443,8381,8406,3616
20130306,8460,8485,8431,8447,1835
20130307,8476,8481,8422,8439,14348
20130308,8456,8472,8431,8472,45167
20130311,8464,8506,8381,8501,4810
20130312,8452,8476,8389,8398,3895
20130313,8406,8439,8364,8377,3860
20130314,8348,8348,8252,8348,8380
20130315,8406,8406,8269,8319,13085
20130318,8277,8302,8206,8206,7477
20130319,8211,8248,8140,8140,7239
20130320,8165,8169,8082,8140,10400
20130321,8128,8177,8111,8123,9221
20130322,8111,8123,8069,8099,39694
20130325,8136,8231,8128,8148,11118
20130326,8148,8152,8069,8128,4389
20130327,8132,8132,8069,8099,8618
20130328,8111,8148,8074,8107,2330
20130329,8194,8198,8111,8152,3207
20130401,8148,8148,8082,8115,5628
20130402,8152,8152,8036,8074,6209
20130403,8061,8078,7916,7953,10268
20130404,7899,7899,7754,7795,8364
20130405,7754,7754,7509,7559,17971
20130408,7538,7617,7538,7559,3204
20130409,7559,7683,7559,7629,3351
20130410,7733,7849,7696,7837,6166
20130411,7841,7853,7696,7762,86560
20130412,7824,7824,7650,7708,6515
20130415,7613,7613,7359,7359,11502
20130416,7143,7268,7110,7172,10995
20130417,7218,7222,7048,7135,1317
20130418,7060,7218,7060,7122,37632
20130419,7147,7314,7147,7260,6193
20130422,7226,7305,7226,7305,7933
20130423,7330,7330,7247,7255,2024
20130424,7276,7500,7276,7484,17943
20130425,7538,7754,7538,7671,35245
20130426,7708,7725,7571,7613,7556
20130429,7613,7625,7528,7587,2093
20130430,7571,7760,7571,7751,4519
20130502,7772,7777,7692,7772,4956
20130503,7798,7894,7798,7873,51659
20130506,7970,8096,7949,7957,12029
20130507,8012,8029,7907,7949,2529
20130508,8041,8054,7957,8029,5838
20130509,8071,8180,8062,8180,18744
20130510,8121,8151,7936,7936,9723
20130513,7903,7903,7823,7835,2209
20130514,7823,7953,7823,7953,1688
20130515,7966,8004,7919,7953,2695
20130516,7936,8046,7936,8012,10527
20130520,8025,8025,7919,7924,3833
20130521,7974,7987,7919,7928,6031
20130522,7936,8071,7936,8037,4971
20130523,8025,8033,7869,7877,2328
20130524,7898,7903,7823,7873,5707
20130527,7831,7873,7827,7873,1506
20130528,7903,7928,7886,7890,13013
20130529,7957,7970,7924,7953,2854
20130530,7894,7957,7831,7856,2259
20130531,7861,7987,7861,7987,3336
20130603,7915,7953,7873,7953,10415
20130604,8025,8046,7970,8008,17866
20130605,8008,8008,7898,7907,2883
20130607,7865,7936,7777,7793,5182
20130610,7768,7768,7680,7734,6684
20130611,7730,7730,7646,7718,50468
20130612,7701,7739,7634,7634,8338
20130613,7617,7621,7537,7596,2231
20130614,7646,7734,7634,7676,35820
20130617,7705,7705,7537,7554,7813
20130618,7608,7608,7524,7562,12134
20130619,7587,7587,7444,7470,3514
20130620,7386,7386,7209,7234,7861
20130621,7037,7053,6919,7028,17113
20130624,6957,7079,6957,7053,6285
20130625,6982,7066,6932,6965,2328
20130626,7045,7045,6978,7003,25854
20130627,7062,7079,7045,7079,10657
20130628,7121,7243,7121,7243,14756
20130701,7192,7226,7163,7213,9324
20130702,7217,7297,7217,7276,585
20130703,7285,7285,7053,7053,1329
20130704,7083,7108,7020,7058,1309
20130705,7121,7171,7121,7171,48834
20130708,7171,7217,7117,7171,7220
20130709,7230,7289,7213,7289,6979
20130710,7276,7297,7264,7280,1624
20130711,7373,7541,7373,7541,4178
20130712,7550,7613,7533,7533,1918
20130715,7600,7621,7436,7604,4764
20130716,7642,7642,7507,7507,14433
20130717,7592,7617,7461,7558,90451
20130718,7545,7545,7491,7499,1334
20130719,7507,7558,7474,7550,13201
20130722,7550,7650,7550,7650,9571
20130723,7697,7886,7697,7877,3973
20130724,7840,7898,7823,7898,6748
20130725,7869,7903,7840,7898,855
20130726,7886,7886,7793,7844,6583
20130729,7844,7844,7768,7781,4057
20130730,7777,7827,7739,7785,1715
20130731,7793,7856,7793,7856,707
20130801,7755,7869,7755,7865,1754
20130802,7940,8046,7940,8012,3578
20130805,8037,8037,7949,7970,4963
20130806,7919,7919,7777,7781,2532
20130807,7760,7781,7726,7777,5700
20130808,7777,7819,7764,7806,3888
20130809,7831,7831,7734,7747,5393
20130812,7734,7903,7734,7903,6004
20130813,8012,8012,7961,8004,1251
20130814,7987,8029,7987,8004,4405
20130816,8004,8197,8004,8155,19131
20130819,8184,8218,8155,8197,1310
20130820,8121,8184,7928,7928,2623
20130821,7987,7987,7743,7835,50917
20130822,7747,7760,7634,7734,1485
20130823,7806,7848,7751,7793,2388
20130826,7886,8033,7886,8033,1585
20130827,8008,8079,8008,8020,2023
20130828,7961,8071,7961,8037,823
20130829,8067,8130,8054,8083,2296
20130830,8096,8100,8041,8100,1775
20130902,8071,8146,8071,8142,3170
20130903,8180,8268,8180,8256,6899
20130904,8302,8302,8210,8210,7281
20130905,8247,8315,8197,8268,3150
20130906,8310,8378,8289,8340,3552
20130909,8382,8466,8382,8432,7226
20130910,8491,8638,8491,8592,18092
20130911,8626,8718,8626,8714,9643
20130912,8701,8701,8571,8579,6148
20130913,8504,8533,8424,8453,3675
20130916,8487,8680,8487,8680,11375
20130917,8714,8714,8617,8638,1822
20130923,8714,8718,8584,8596,7178
20130924,8596,8596,8474,8546,60356
20130925,8546,8567,8428,8474,1167
20130926,8491,8600,8487,8571,5456
20130927,8592,8609,8546,8571,1240
20130930,8546,8546,8474,8529,3199
20131001,8491,8533,8268,8302,4349
20131002,8348,8369,8243,8243,2067
20131004,8243,8327,8201,8327,5931
20131007,8294,8302,8167,8180,1260
20131008,8176,8201,8113,8184,5284
20131010,8210,8306,8146,8146,3110
20131011,8281,8327,8226,8294,6327
20131014,8289,8302,8205,8214,7921
20131015,8294,8294,8214,8231,8726
20131016,8222,8323,8222,8222,8095
20131017,8306,8336,8210,8239,6859
20131018,8306,8411,8306,8411,5810
20131021,8432,8432,8352,8373,7098
20131022,8361,8445,8361,8445,2098
20131023,8500,8571,8378,8378,8011
20131024,8365,8487,8365,8487,1730
20131025,8466,8466,8336,8373,2056
20131028,8361,8382,8277,8382,3345
20131029,8344,8483,8344,8424,1370
20131030,8424,8445,8407,8428,2061
20131031,8420,8437,8348,8373,3106
20131101,8344,8437,8344,8428,3344
20131104,8403,8403,8323,8352,861
20131105,8365,8386,8315,8315,1479
20131106,8306,8407,8289,8344,4204
20131107,8432,8432,8336,8336,2473
20131108,8268,8281,8210,8231,3706
20131111,8231,8231,8142,8151,58639
20131112,8138,8243,8138,8205,964
20131113,8159,8180,8025,8033,2629
20131114,8004,8096,8004,8058,1358
20131115,8130,8197,8125,8167,7340
20131118,8231,8281,8188,8214,1542
20131119,8205,8214,8104,8130,7156
20131120,8096,8172,8079,8125,1453
20131121,8117,8117,7928,7945,2489
20131122,8025,8025,7945,8008,1479
20131125,8025,8071,7970,7970,2605
20131126,7961,7961,7877,7949,3985
20131127,7978,7987,7928,7987,1414
20131128,7991,8050,7991,8004,1578
20131129,8058,8075,7995,8075,3684
20131202,8046,8134,8029,8071,2451
20131203,8004,8029,7978,7987,1238
20131204,7987,7987,7907,7974,1988
20131205,7991,7991,7953,7982,2748
20131206,7928,7936,7919,7936,11942
20131209,8029,8029,7978,8016,7815
20131210,7974,8008,7970,7974,209
20131211,7974,8046,7945,7945,788
20131212,7911,7945,7877,7945,6335
20131213,7945,7961,7911,7932,117
20131216,7936,7945,7907,7928,418
20131217,7978,8020,7970,8008,5190
20131218,8008,8109,8008,8109,4503
20131219,8159,8218,8117,8138,14312
20131220,8125,8125,8096,8125,404
20131223,8197,8256,8151,8210,6635
20131224,8218,8277,8218,8252,7846
20131226,8298,8310,8264,8273,6991
20131227,8323,8449,8315,8424,2472
20131230,8470,8470,8386,8441,7279
20140102,8424,8470,8264,8264,113775
20140103,8298,8340,8273,8331,7883
20140106,8298,8306,8256,8256,463
20140107,8205,8243,8205,8222,286
20140108,8222,8222,8155,8180,830
20140109,8155,8155,7978,7978,4801
20140110,7966,8029,7928,7970,5991
20140113,8025,8050,8020,8046,2487
20140114,7991,8020,7961,7961,4991
20140115,7982,8041,7982,8041,2485
20140116,8071,8100,8071,8096,2014
20140117,8113,8155,8113,8113,1671
20140120,8117,8172,8109,8172,1164
20140121,8205,8205,8088,8125,1317
20140122,8155,8155,8092,8151,1408
20140123,8176,8176,8071,8088,164
20140124,8088,8088,8058,8058,2778
20140127,7974,8004,7970,7974,888
20140128,7953,7953,7861,7932,397
20140129,7974,8067,7974,8058,407
20140203,7987,7987,7810,7882,99021
20140204,7987,7987,7697,7726,9943
20140205,7789,7802,7726,7802,549
20140206,7844,7865,7806,7810,8861
20140207,7877,7877,7789,7844,4943
20140210,7953,7978,7915,7978,235
20140211,7966,7987,7966,7987,28
20140212,8037,8176,8037,8159,2199
20140213,8163,8201,8096,8096,534
20140214,8151,8172,8104,8130,926
20140217,8197,8231,8188,8197,1968
20140218,8205,8235,8130,8193,124
20140219,8188,8188,8142,8188,498
20140220,8146,8146,8088,8096,139
20140221,8155,8155,8088,8142,591
20140224,8142,8142,8071,8071,210
20140225,8142,8142,8012,8012,1261
20140226,8008,8008,7886,7953,3241
20140227,7928,7928,7844,7852,6370
20140228,7877,7877,7764,7785,7242
20140303,7730,7730,7680,7730,11902
20140304,7768,7768,7655,7692,3921
20140305,7734,7819,7734,7751,15059
20140306,7781,7827,7781,7827,630
20140307,7882,7882,7819,7819,1490
20140310,7844,7844,7751,7772,1308
20140311,7785,7819,7743,7806,7955
20140312,7785,7785,7625,7625,6577
20140313,7655,7743,7650,7684,686
20140314,7638,7667,7621,7646,5766
20140317,7646,7692,7646,7684,574
20140318,7713,7760,7692,7718,1240
20140319,7739,7806,7739,7785,4796
20140320,7777,7777,7634,7713,1377
20140321,7684,7777,7684,7772,5485
20140324,7810,7928,7810,7911,10749
20140325,7873,7995,7873,7987,5687
20140326,8016,8037,7987,8025,2506
20140327,7978,8020,7936,8008,12055
20140328,7982,7982,7890,7890,2358
20140331,7873,7987,7873,7987,2764
20140401,7936,8079,7936,8046,70336
20140402,8058,8083,8041,8054,202
20140403,8100,8100,7987,8020,456
20140404,7991,8041,7982,8041,699
20140407,7987,8096,7987,8092,192
20140408,8029,8092,8029,8092,821
20140409,8113,8336,8113,8273,8422
20140410,8352,8378,8260,8327,3040
20140411,8281,8281,8226,8277,1900
20140414,8264,8298,8264,8298,1864
20140415,8315,8315,8226,8281,899
20140416,8260,8260,8109,8109,2347
20140417,8142,8155,8117,8138,397
20140418,8151,8193,8151,8151,436
20140421,8113,8117,8041,8075,1121
20140422,8037,8050,7999,8020,625
20140423,8054,8054,7987,7987,594
20140424,7974,8008,7966,7987,271
20140425,7966,7966,7865,7873,830
20140428,7945,8025,7945,7995,435
20140429,8114,8114,8063,8063,255
20140430,8038,8165,8038,8165,2257
20140502,8106,8106,8012,8050,3422
20140507,8038,8046,7944,7948,1627
20140508,7948,7961,7931,7961,41
20140509,8050,8076,8029,8046,539
20140512,8055,8089,8038,8050,257
20140513,8123,8318,8123,8233,4969
20140514,8289,8306,8221,8267,949
20140515,8272,8335,8272,8301,1274
20140516,8297,8352,8293,8293,14796
20140519,8250,8289,8238,8250,6730
20140520,8242,8276,8186,8186,439
20140521,8233,8369,8233,8369,2640
20140522,8403,8552,8403,8488,16034
20140523,8518,8522,8446,8446,219
20140526,8497,8501,8450,8476,770
20140527,8480,8480,8340,8386,2577
20140528,8352,8450,8344,8450,5025
20140529,8399,8420,8365,8412,230
20140530,8399,8425,8357,8374,648
20140602,8374,8374,8293,8365,1712
20140603,8318,8318,8229,8289,2561
20140605,8267,8267,8182,8182,337
20140609,8255,8357,8255,8314,847
20140610,8348,8429,8348,8395,974
20140611,8429,8476,8395,8471,358
20140612,8450,8454,8378,8403,443
20140613,8352,8369,8306,8340,272
20140616,8352,8369,8318,8365,195
20140617,8378,8378,8365,8365,185
20140618,8340,8340,8284,8297,204
20140619,8352,8471,8352,8471,1042
20140620,8493,8497,8369,8369,353
20140623,8420,8488,8416,8488,688
20140624,8454,8514,8450,8505,3656
20140625,8539,8574,8480,8488,148
20140626,8544,8599,8544,8591,985
20140627,8629,8671,8591,8599,33212
20140630,8620,8697,8620,8697,2887
20140701,8676,8676,8625,8633,1380
20140702,8625,8680,8616,8680,2504
20140703,8667,8765,8667,8752,2377
20140704,8803,8807,8761,8795,362
20140707,8795,8795,8701,8744,648
20140708,8744,8744,8684,8722,1594
20140709,8629,8654,8586,8654,32637
20140710,8697,8799,8697,8782,1225
20140711,8778,8841,8756,8824,1270
20140714,8769,8812,8697,8697,464
20140715,8782,8833,8782,8833,1564
20140716,8820,8863,8820,8863,3561
20140717,8888,8927,8837,8909,1657
20140718,8816,8888,8816,8871,760
20140721,8897,8897,8816,8829,409
20140722,8820,8995,8799,8995,2734
20140723,8999,9097,8982,9067,1804
20140724,9109,9177,9101,9131,518
20140725,9139,9301,9139,9258,10003
20140728,9314,9467,9314,9399,8618
20140729,9462,9484,9322,9365,19271
20140730,9373,9445,9280,9280,15272
20140731,9365,9390,9258,9390,3104
20140801,9335,9399,9314,9390,2263
20140804,9394,9407,9216,9356,16343
20140805,9318,9318,9211,9220,2252
20140806,9254,9377,9254,9377,4513
20140807,9377,9407,9356,9360,7594
20140808,9356,9356,9284,9335,1652
20140811,9420,9424,9356,9356,2109
20140812,9348,9382,9331,9339,2016
20140813,9365,9433,9365,9424,6042
20140814,9411,9475,9411,9475,2673
20140818,9496,9496,9403,9403,8952
20140819,9365,9577,9365,9552,2347
20140820,9535,9573,9505,9530,11837
20140821,9526,9530,9382,9382,902
20140822,9428,9501,9407,9458,2607
20140825,9458,9462,9411,9428,734
20140826,9450,9492,9420,9471,4233
20140827,9492,9526,9373,9386,73060
20140828,9428,9467,9377,9377,2138
20140829,9394,9394,9262,9339,2601
20140901,9280,9322,9271,9275,38020
20140902,9258,9262,9186,9186,400
20140903,9131,9224,9131,9190,74
20140904,9254,9335,9254,9335,417
20140905,9331,9441,9331,9441,537
20140911,9420,9420,9275,9348,1642
20140912,9369,9518,9369,9501,7828
20140915,9484,9484,9348,9390,936
20140916,9360,9394,9314,9356,256
20140917,9399,9471,9386,9394,210
20140918,9390,9416,9348,9348,683
20140919,9411,9445,9390,9407,338
20140922,9390,9390,9284,9297,2695
20140923,9228,9280,9143,9156,305
20140924,9160,9314,9058,9314,928
20140925,9322,9322,9131,9131,1333
20140926,9092,9131,9050,9105,727
20140929,9105,9105,8812,8863,345
20140930,8858,9041,8858,9041,6383
20141001,8914,8914,8782,8786,9633
20141002,8778,8778,8654,8659,5393
20141006,8620,8620,8574,8574,527
20141007,8608,8629,8599,8620,700
20141008,8620,8676,8620,8642,445
20141010,8556,8603,8556,8603,1594
20141013,8493,8544,8378,8544,472
20141014,8574,8684,8574,8620,487
20141015,8574,8591,8574,8578,23
20141016,8569,8608,8527,8608,104
20141017,8646,8646,8595,8612,19
20141020,8693,8739,8680,8701,2359
20141021,8701,8701,8518,8518,2268
20141022,8642,8684,8637,8676,29
20141023,8773,8773,8697,8735,183
20141024,8714,8714,8548,8578,5191
20141027,8671,8765,8671,8671,342
20141028,8586,8616,8518,8612,6253
20141029,8659,8846,8625,8782,3707
20141030,8633,8633,8556,8582,260
20141031,8476,8476,8369,8425,1146
20141103,8399,8399,8331,8331,530
20141104,8327,8327,7957,8063,1212
20141105,8033,8127,8033,8106,454
20141106,8144,8276,8131,8242,5517
20141107,8242,8378,8242,8335,2350
20141110,8391,8429,8391,8425,252
20141111,8391,8403,8323,8403,378
20141112,8408,8510,8408,8510,479
20141113,8437,8467,8399,8399,3238
20141114,8391,8391,8348,8348,145
20141117,8420,8476,8412,8450,241
20141118,8510,8603,8510,8569,1570
20141119,8501,8535,8476,8488,273
20141120,8484,8488,8416,8467,11704
20141121,8467,8480,8433,8480,337
20141124,8684,8841,8684,8824,917
20141125,8820,8820,8659,8701,708
20141126,8676,8676,8608,8629,592
20141127,8531,8535,8420,8488,516
20141128,8416,8497,8416,8497,51
20141201,8352,8352,8242,8255,1247
20141202,8314,8340,8297,8297,50
20141203,8365,8412,8352,8352,486
20141204,8403,8437,8399,8429,221
20141205,8374,8391,8374,8391,14
20141208,8352,8399,8310,8352,1367
20141209,8306,8310,8267,8267,111
20141210,8263,8263,8169,8212,97
20141211,8186,8186,8114,8131,315
20141212,8097,8131,8067,8093,504
20141215,8025,8106,7995,8106,665
20141216,8050,8076,7987,7987,412
20141217,8055,8067,8055,8067,15
20141218,8114,8114,7944,7970,284
20141219,8029,8059,8016,8055,681
20141222,8089,8131,8089,8131,291
20141223,8089,8131,8067,8131,111
20141224,8089,8140,8072,8140,74
20141226,8123,8182,8123,8161,55
20141229,8246,8246,8127,8161,336
20141230,8152,8216,8050,8118,285
20150102,8097,8169,8097,8169,104
20150105,8046,8182,8021,8148,921
20150106,8097,8097,7999,7999,98
20150107,8016,8106,8016,8106,82
20150108,8097,8233,8097,8216,561
20150109,8284,8382,8284,8382,3508
20150112,8284,8412,8284,8412,3516
20150113,8412,8412,8344,8344,95
20150114,8352,8352,8280,8289,1286
20150115,8255,8255,8195,8246,162
20150116,8276,8301,8165,8263,3204
20150119,8433,8433,8352,8369,302
20150120,8420,8450,8395,8403,33474
20150121,8437,8437,8361,8361,1221
20150122,8497,8497,8420,8471,67
20150123,8544,8544,8378,8416,1107
20150126,8335,8335,8233,8233,2644
20150127,8255,8297,8169,8233,497
20150128,8250,8361,8250,8327,3876
20150129,8335,8374,8314,8365,966
20150130,8365,8365,8174,8216,2517
20150202,8191,8301,8191,8301,3141
20150203,8327,8327,8216,8246,197
20150204,8289,8331,8289,8327,4981
20150205,8327,8327,8221,8284,558
20150206,8310,8318,8250,8250,2106
20150209,8195,8263,8076,8114,3889
20150210,8110,8148,8042,8097,4816
20150211,8123,8123,8025,8123,2393
20150212,8106,8123,8055,8118,1988
20150213,8140,8182,8110,8118,1959
20150216,8174,8195,8131,8135,2346
20150217,8135,8161,8123,8140,1142
20150223,8174,8191,8165,8178,711
20150224,8195,8212,8157,8165,3077
20150225,8229,8301,8221,8301,1466
20150226,8306,8361,8259,8352,3461
20150227,8352,8361,8259,8272,1133
20150302,8280,8365,8267,8314,4292
20150303,8314,8420,8276,8420,2204
20150304,8365,8425,8357,8357,2450
20150305,8365,8365,8310,8357,32189
20150306,8331,8374,8284,8284,6000
20150309,8259,8259,8169,8199,2968
20150310,8199,8216,8174,8195,4285
20150311,8165,8191,8114,8165,1076
20150312,8152,8152,8012,8012,11535
20150313,8084,8157,8084,8123,8747
20150316,8110,8110,8033,8055,805
20150317,8101,8157,8042,8131,465
20150318,8152,8174,8084,8114,718
20150319,8174,8229,8140,8165,822
20150320,8178,8178,8059,8080,1437
20150323,8144,8233,8144,8165,462
20150324,8199,8276,8199,8250,120513
20150325,8238,8293,8238,8250,1098
20150326,8250,8255,8221,8221,600
20150327,8306,8382,8276,8301,2256
20150330,8352,8352,8191,8199,430
20150331,8225,8225,8110,8178,3623
20150401,8144,8178,8050,8178,1240
20150402,8114,8186,8114,8182,1447
20150403,8221,8246,8195,8238,457
20150406,8238,8242,8195,8242,765
20150407,8276,8399,8250,8323,2138
20150408,8335,8561,8335,8539,12992
20150409,8569,8603,8437,8501,128615
20150410,8471,8548,8471,8531,4319
20150413,8548,8574,8480,8480,6348
20150414,8527,8565,8454,8565,10808
20150415,8569,8569,8467,8510,11953
20150416,8497,8586,8446,8586,2126
20150417,8556,8616,8535,8578,9072
20150420,8544,8629,8514,8591,4933
20150421,8646,8663,8565,8595,5743
20150422,8544,8565,8446,8471,6108
20150423,8510,8790,8480,8756,3317
20150424,8816,8888,8773,8786,11448
20150427,8846,8846,8722,8769,8048
20150428,8807,8905,8773,8880,2494
20150429,8966,8966,8824,8906,10857
20150430,8871,8871,8742,8815,1499
20150504,8888,8987,8725,8987,3617
20150506,8991,9034,8871,8991,19449
20150507,8974,8974,8746,8824,6356
20150508,8837,8845,8772,8845,454
20150511,8863,8918,8798,8828,1857
20150512,8764,8854,8755,8854,11285
20150513,8841,8923,8841,8923,991
20150514,8923,8953,8875,8923,1338
20150515,8940,8983,8772,8785,4356
20150518,8828,8828,8764,8781,2632
20150519,8798,8798,8695,8785,2136
20150520,8768,8807,8725,8772,608
20150521,8751,8789,8695,8721,1126
20150522,8777,8897,8777,8884,1708
20150526,8845,8875,8768,8850,1947
20150527,8777,8777,8605,8639,3784
20150528,8622,8665,8618,8643,1463
20150529,8613,8798,8613,8798,6511
20150601,8785,8785,8575,8618,3336
20150602,8622,8648,8553,8579,7454
20150603,8618,8618,8484,8484,257
20150604,8489,8489,8411,8476,4090
20150605,8446,8446,8291,8321,1128
20150608,8278,8355,8235,8342,4495
20150609,8342,8454,8342,8424,1176
20150610,8454,8454,8385,8446,907
20150611,8476,8476,8381,8424,499
20150612,8467,8467,8347,8394,632
20150615,8342,8454,8342,8454,1768
20150616,8480,8579,8325,8441,973
20150617,8424,8424,8291,8351,278
20150618,8377,8377,8287,8304,155
20150619,8325,8381,8304,8368,198
20150622,8312,8532,8312,8532,1078
20150623,8600,8600,8532,8532,8624
20150624,8497,8501,8433,8489,7192
20150625,8450,8544,8420,8544,453
20150626,8579,8579,8532,8532,376
20150629,8446,8463,8373,8437,1661
20150630,8338,8532,8338,8532,493
20150701,8510,8592,8480,8583,1997
20150702,8613,8708,8613,8686,10000
20150703,8716,8716,8570,8596,2299
20150706,8484,8514,8355,8390,4288
20150707,8377,8437,8269,8437,529
20150708,8295,8295,8166,8231,1729
20150709,8162,8304,8097,8304,375
20150710,8201,8201,8128,8166,227
20150713,8115,8261,8110,8252,1899
20150714,8308,8381,8261,8381,1647
20150715,8454,8458,8248,8295,1605
20150716,8222,8239,8175,8222,2826
20150717,8209,8209,8042,8067,2107
20150720,8063,8063,7891,7917,2594
20150721,7908,7994,7895,7986,1953
20150722,7943,7964,7891,7956,436
20150723,7943,7943,7706,7766,1357
20150724,7728,7728,7663,7715,1093
20150727,7616,7633,7534,7633,7891
20150728,7552,7569,7478,7547,893
20150729,7586,7586,7504,7564,295
20150730,7603,7668,7586,7620,1270
20150731,7620,7659,7500,7659,835
20150803,7603,7603,7483,7496,559
20150804,7509,7564,7470,7564,823
20150805,7564,7681,7560,7590,19985
20150806,7582,7603,7470,7470,1367
20150807,7496,7496,7423,7448,266
20150810,7474,7474,7350,7384,808
20150811,7448,7564,7440,7440,746
20150812,7431,7431,7307,7362,2363
20150813,7418,7521,7384,7504,2752
20150817,7526,7526,7423,7436,230
20150818,7478,7500,7436,7448,887
20150819,7401,7431,7307,7414,76469
20150820,7427,7427,7289,7302,1433
20150821,7259,7259,7126,7160,881
20150824,7079,7122,6941,7040,1337
20150825,7006,7126,6885,7049,1837
20150826,7044,7212,7044,7212,1651
20150827,7255,7255,7126,7191,73
20150828,7251,7457,7251,7384,476
20150831,7440,7461,7371,7461,198
20150901,7380,7380,7328,7350,2582
20150902,7272,7302,7221,7221,1008
20150903,7264,7264,7173,7195,1227
20150904,7178,7191,7100,7126,810
20150907,7092,7092,6971,7006,2460
20150908,6984,7044,6963,7044,2015
20150909,7092,7414,7092,7414,921
20150910,7393,7599,7337,7599,1145
20150911,7466,7496,7397,7491,419
20150914,7474,7474,7350,7350,394
20150915,7384,7384,7315,7358,939
20150916,7371,7543,7371,7504,1041
20150917,7620,7620,7504,7517,1048
20150918,7564,7564,7440,7474,303
20150921,7453,7453,7276,7324,2068
20150922,7328,7328,7246,7302,998
20150923,7199,7199,7092,7135,1121
20150924,7143,7143,7074,7074,958
20150925,7083,7083,7036,7049,52
20150930,7001,7053,6937,7053,2816
20151001,7036,7203,7036,7182,913
20151002,7178,7178,7079,7100,871
20151005,7148,7156,7083,7109,918
20151006,7178,7191,7126,7130,560
20151007,7178,7229,7148,7229,796
20151008,7268,7427,7268,7427,3229
20151012,7573,7792,7573,7711,4598
20151013,7719,7719,7607,7642,1301
20151014,7646,7650,7539,7620,1621
20151015,7612,7668,7582,7642,494
20151016,7681,7681,7586,7586,578
20151019,7595,7595,7504,7564,756
20151020,7517,7517,7371,7453,1397
20151021,7436,7577,7427,7560,2725
20151022,7491,7491,7427,7461,752
20151023,7560,7625,7487,7504,1283
20151026,7517,7586,7517,7586,6934
20151027,7539,7539,7423,7448,575
20151028,7457,7474,7393,7453,1761
20151029,7431,7431,7319,7324,362
20151030,7294,7294,7152,7169,5630
20151102,7182,7182,7096,7152,386
20151103,7173,7315,7173,7315,1021
20151104,7354,7354,7255,7307,386
20151105,7264,7264,7186,7246,828
20151106,7212,7212,7109,7126,496
20151109,7096,7096,6946,6980,1142
20151110,6920,6920,6799,6842,3645
20151111,6812,6894,6769,6894,1357
20151112,6855,6855,6769,6821,737
20151113,6731,6795,6726,6782,1027
20151116,6683,6705,6666,6679,739
20151117,6748,6821,6713,6786,2962
20151118,6769,6782,6722,6722,1927
20151119,6739,6834,6739,6834,2003
20151120,6851,6851,6804,6842,274
20151123,6851,6855,6821,6829,394
20151124,6821,6825,6778,6825,288
20151125,6868,6868,6812,6821,1099
20151126,6821,6903,6817,6903,259
20151127,6903,6903,6860,6881,827
20151130,6851,6851,6799,6834,793
20151201,6877,7014,6877,6984,499
20151202,6967,6980,6946,6980,22760
20151203,6920,6980,6860,6980,720
20151204,6920,6920,6872,6881,580
20151207,6907,6907,6842,6842,750
20151208,6782,6817,6709,6709,1380
20151209,6705,6726,6675,6701,404
20151210,6683,6705,6649,6705,829
20151211,6752,6752,6705,6726,158
20151214,6649,6649,6572,6572,1950
20151215,6593,6610,6572,6610,293
20151216,6662,6799,6662,6791,1777
20151217,6834,6877,6752,6799,564
20151218,6761,6804,6748,6778,977
20151221,6834,6881,6821,6881,415
20151222,6881,6950,6860,6920,1536
20151223,6924,7156,6924,7087,4340
20151224,7199,7199,7092,7096,980
20151228,7100,7100,6976,6976,1016
20151229,7040,7040,6984,6988,1521
20151230,7027,7027,6872,6946,718
20160104,6903,6903,6786,6786,148
20160105,6804,6877,6799,6877,1414
20160106,6877,6877,6829,6860,50
20160107,6842,6842,6718,6743,60
20160108,6688,6761,6675,6756,140
20160111,6679,6679,6619,6627,319
20160112,6632,6632,6533,6541,742
20160113,6541,6636,6541,6584,1440
20160114,6498,6503,6382,6430,4167
20160115,6498,6498,6382,6413,645
20160118,6382,6464,6344,6464,451
20160119,6413,6430,6309,6430,7946
20160120,6404,6404,6129,6176,6746
20160121,6211,6223,6099,6133,1806
20160122,6193,6292,6176,6241,239459
20160125,6296,6481,6292,6468,3474
20160126,6434,6434,6301,6404,59047
20160127,6473,6615,6473,6511,9669
20160128,6456,6606,6456,6559,1234
20160129,6589,6679,6554,6679,1625
20160201,6688,6688,6619,6658,2197
20160202,6610,6610,6533,6567,853
20160203,6490,6503,6434,6503,3617
20160204,6559,6778,6559,6778,1993
20160205,6821,6872,6799,6834,4497
20160211,6743,6756,6718,6735,2958
20160212,6739,6743,6645,6701,1832
20160215,6804,6984,6782,6984,65667
20160216,7010,7122,6984,7066,6892
20160217,6980,7057,6963,6963,6268
20160218,7074,7143,7074,7130,13890
20160219,7130,7156,7062,7130,5886
20160222,7105,7160,7105,7152,2120
20160223,7268,7319,7216,7294,10712
20160224,7221,7358,7221,7311,26101
20160225,7337,7350,7233,7315,36977
20160226,7302,7302,7212,7242,2775
20160229,7199,7345,7199,7302,5230
20160302,7388,7504,7388,7504,3386
20160303,7521,7655,7474,7534,20066
20160304,7539,7633,7521,7633,1367
20160307,7681,7681,7595,7676,4072
20160308,7779,7818,7685,7801,4072
20160309,7754,7754,7620,7685,73505
20160310,7702,7784,7672,7758,642
20160311,7775,7775,7706,7775,2603
20160314,7779,7779,7582,7586,2527
20160315,7564,7620,7534,7564,1754
20160316,7534,7534,7401,7427,1644
20160317,7504,7668,7504,7668,2224
20160318,7711,7831,7711,7771,3198
20160321,7775,7801,7668,7754,3838
20160322,7758,7758,7638,7719,1106
20160323,7702,7741,7698,7711,104
20160324,7663,7663,7560,7573,1381
20160325,7569,7595,7534,7590,300
20160328,7547,7620,7547,7620,657
20160329,7633,7685,7629,7672,415
20160330,7693,7797,7693,7797,8045
20160331,7784,7784,7736,7758,837
20160401,7723,7723,7573,7577,39551
20160404,7595,7638,7573,7629,1696
20160405,7586,7672,7586,7672,803
20160406,7676,7913,7676,7913,10555
20160407,7956,7956,7865,7926,5346
20160408,7835,7917,7784,7917,6309
20160411,7883,8067,7883,8067,3966
20160412,8072,8136,8063,8136,1684
20160414,8299,8407,8299,8407,11043
20160415,8364,8377,8274,8317,7264
20160418,8213,8308,8171,8265,25713
20160419,8330,8424,8218,8239,2141
20160420,8351,8351,8218,8218,10551
20160421,8291,8424,8291,8424,21673
20160422,8381,8424,8338,8373,1762
20160425,8291,8291,8166,8179,24778
20160426,8158,8179,8097,8132,4404
20160427,8145,8153,8115,8128,1870
20160428,8193,8302,8189,8241,2201
20160429,8232,8337,8184,8337,7041
20160502,8294,8294,8097,8106,3509
20160503,8145,8145,8040,8088,12551
20160504,7992,7992,7791,7800,9291
20160509,7778,7778,7638,7677,6806
20160510,7608,7629,7490,7625,4770
20160511,7651,7651,7520,7594,6555
20160512,7546,7647,7546,7629,4510
20160513,7577,7577,7415,7428,12733
20160516,7376,7494,7376,7494,7938
20160517,7463,7472,7358,7472,3760
20160518,7446,7446,7376,7398,984
20160519,7385,7411,7323,7345,1551
20160520,7328,7372,7271,7297,3131
20160523,7328,7376,7293,7363,439
20160524,7354,7354,7219,7232,3414
20160525,7302,7337,7289,7289,1836
20160526,7315,7358,7280,7297,312
20160527,7341,7350,7319,7345,4741
20160530,7345,7345,7210,7232,3402
20160531,7245,7262,7219,7254,861
20160601,7223,7254,7210,7227,10441
20160602,7210,7210,7149,7192,1172
20160603,7188,7188,7114,7136,1226
20160607,7210,7446,7210,7446,5266
20160608,7441,7516,7441,7503,24365
20160609,7503,7568,7455,7498,2818
20160610,7490,7524,7455,7455,1927
20160613,7402,7402,7323,7341,7358
20160614,7341,7372,7153,7214,14508
20160615,7166,7219,7131,7192,5850
20160616,7232,7240,7092,7114,5385
20160617,7205,7205,7048,7074,4993
20160620,7144,7262,7144,7262,2148
20160621,7262,7262,7201,7205,2891
20160622,7219,7271,7219,7232,3107
20160623,7232,7249,7184,7236,878
20160624,7275,7289,6891,6926,7081
20160627,6900,7022,6900,7022,3061
20160628,6987,7074,6983,7074,8312
20160629,7096,7210,7096,7171,1008
20160630,7210,7210,7127,7188,1259
20160701,7188,7232,7188,7232,458
20160704,7245,7385,7219,7350,2704
20160705,7372,7389,7319,7354,811
20160706,7341,7341,7140,7197,1664
20160707,7197,7280,7197,7254,14636
20160708,7236,7236,7179,7188,1496
20160711,7293,7415,7293,7415,1419
20160712,7415,7498,7406,7498,2588
20160713,7625,7813,7586,7813,17462
20160714,7852,7852,7743,7800,13131
20160715,7852,7852,7734,7760,6263
20160718,7804,7861,7795,7843,4933
20160719,7861,7861,7651,7664,869
20160720,7642,7691,7559,7691,1830
20160721,7686,7704,7616,7642,545
20160722,7629,7699,7629,7682,7266
20160725,7638,7664,7542,7664,308
20160726,7625,7712,7625,7712,4542
20160727,7743,7787,7699,7756,6755
20160728,7756,7787,7730,7734,1787
20160729,7743,7769,7682,7717,446
20160801,7717,7830,7691,7813,3464
20160802,7795,7843,7743,7843,8702
20160803,7795,7795,7695,7708,957
20160804,7712,7712,7594,7612,1077
20160805,7608,7682,7608,7673,68
20160808,7599,7599,7420,7516,3763
20160809,7507,7695,7507,7682,2193
20160810,7682,7682,7621,7625,379
20160811,7603,7629,7559,7559,15877
20160812,7625,7721,7625,7686,2161
20160816,7739,7747,7669,7673,1350
20160817,7673,7673,7599,7647,633
20160818,7682,7682,7625,7625,751
20160819,7599,7603,7538,7599,2061
20160822,7586,7586,7498,7538,701
20160823,7524,7568,7485,7568,4304
20160824,7559,7747,7559,7673,9709
20160825,7708,7708,7586,7647,11376
20160826,7612,7647,7577,7590,6352
20160829,7586,7616,7551,7568,4043
20160830,7638,7726,7638,7669,4757
20160831,7669,7699,7590,7621,9106
20160901,7603,7651,7542,7642,1755
20160902,7647,7682,7573,7669,5121
20160905,7686,7892,7686,7865,6021
20160906,7878,7896,7817,7896,2677
20160907,7896,8036,7896,7988,7040
20160908,7975,7975,7800,7826,4042
20160909,7756,7817,7669,7817,2653
20160912,7651,7712,7599,7612,4787
20160913,7699,7699,7529,7529,7413
20160919,7468,7472,7437,7463,796
20160920,7446,7455,7406,7455,5159
20160921,7428,7573,7428,7573,2361
20160922,7612,7660,7564,7568,4763
20160923,7625,7625,7581,7616,3490
20160926,7608,7625,7529,7529,4392
20160927,7577,7704,7542,7704,5178
20160928,7691,7712,7651,7704,3464
20160929,7747,7782,7682,7682,3090
20160930,7656,7656,7594,7629,495
20161004,7616,7634,7581,7616,346
20161005,7568,7568,7516,7516,4441
20161006,7546,7546,7485,7524,5167
20161007,7507,7507,7385,7406,4687
20161010,7437,7559,7437,7503,8643
20161011,7559,7599,7538,7538,963
20161012,7573,7621,7573,7599,1165
20161013,7586,7586,7441,7459,2686
20161014,7446,7476,7420,7428,2455
20161017,7459,7516,7450,7455,14334
20161018,7463,7634,7463,7634,15798
20161019,7642,7669,7603,7625,5960
20161020,7660,7712,7621,7621,3783
20161021,7621,7664,7616,7647,6754
20161024,7647,7682,7647,7656,2566
20161025,7669,7756,7656,7673,55159
20161026,7642,7642,7546,7546,41995
20161027,7612,7612,7490,7551,4416
20161028,7494,7494,7450,7472,5686
20161031,7406,7450,7372,7450,4742
20161101,7415,7450,7380,7450,957
20161102,7420,7420,7354,7380,1845
20161103,7415,7437,7415,7437,10
20161104,7485,7485,7398,7450,148
20161107,7538,7586,7529,7586,5686
20161108,7586,7594,7538,7594,2272
20161109,7612,7612,7258,7389,12558
20161110,7524,7673,7498,7673,5663
20161111,7673,7865,7664,7843,2488
20161114,7826,7957,7813,7896,12187
20161115,7927,8075,7927,7975,15794
20161116,8010,8010,7940,7966,3998
20161117,7940,7940,7878,7913,1205
20161118,7909,7909,7822,7870,143
20161121,7861,7861,7769,7804,6477
20161122,7809,7996,7809,7996,8408
20161123,8023,8084,8005,8049,4660
20161124,8045,8045,8010,8018,1276
20161125,8045,8045,7957,7979,2462
20161128,7961,8031,7913,8031,6214
20161129,7966,7992,7927,7975,5056
20161130,7940,7940,7800,7861,3779
20161201,7835,7931,7800,7931,8953
20161202,7931,7931,7830,7870,215
20161205,7961,8014,7961,7970,1699
20161206,8049,8324,8049,8302,7363
20161207,8346,8368,8294,8355,7228
20161208,8490,8578,8477,8578,6583
20161209,8556,8556,8495,8508,2592
20161212,8556,8608,8481,8556,4527
20161213,8573,8573,8425,8460,2032
20161214,8420,8460,8355,8429,1667
20161215,8346,8481,8346,8481,3243
20161216,8442,8442,8324,8324,7043
20161219,8346,8346,8228,8272,3200
20161220,8285,8346,8285,8302,3639
20161221,8403,8481,8403,8438,5219
20161222,8460,8486,8368,8394,2985
20161223,8407,8416,8342,8372,616
20161226,8372,8372,8184,8197,1243
20161227,8197,8267,8184,8250,2151
20161228,8320,8364,8320,8324,2092
20161229,8298,8333,8259,8333,2131
20170102,8307,8473,8302,8473,5113
20170103,8420,8451,8372,8438,9025
20170104,8438,8438,8398,8416,3098
20170105,8412,8447,8285,8302,12070
20170106,8337,8407,8315,8355,1980
20170109,8333,8333,8224,8263,667
20170110,8228,8302,8219,8294,4613
20170111,8398,8796,8398,8761,33783
20170112,8857,8927,8761,8844,22866
20170113,8779,8905,8744,8897,4045
20170116,8927,8927,8827,8862,7012
20170117,8914,8958,8792,8840,5440
20170118,8840,8840,8731,8792,4476
20170119,8827,9019,8827,8940,25081
20170120,8875,8875,8770,8835,22300
20170123,8800,8805,8722,8805,3494
20170124,8731,8800,8683,8800,1443
20170125,8844,8849,8617,8643,4558
20170126,8586,8805,8565,8739,2828
20170131,8621,8696,8613,8634,3139
20170201,8621,8796,8617,8783,22810
20170202,8683,8731,8661,8687,2208
20170203,8696,8722,8538,8591,1879
20170206,8661,8661,8451,8516,19595
20170207,8512,8530,8407,8433,5555
20170208,8438,8438,8289,8355,4320
20170209,8429,8477,8420,8451,38791
20170210,8512,8530,8442,8442,3702
20170213,8525,8621,8525,8608,14153
20170214,8656,8779,8656,8709,8239
20170215,8709,8792,8704,8774,11539
20170216,8770,8770,8648,8696,9600
20170217,8656,8735,8617,8713,1552
20170220,8656,8709,8626,8652,851
20170221,8687,8827,8687,8770,21034
20170222,8783,8809,8766,8787,2805
20170223,8761,8766,8665,8709,2995
20170224,8661,8661,8481,8495,20509
20170227,8495,8626,8495,8556,3300
20170228,8586,8704,8586,8630,5828
20170302,8726,8949,8661,8739,623136
20170303,8678,8678,8565,8595,30332
20170306,8595,8599,8503,8556,18130
20170307,8556,8599,8499,8578,20461
20170308,8556,8696,8551,8652,19432
20170309,8604,8626,8534,8573,597539
20170310,8556,8556,8447,8530,10732
20170313,8512,8512,8390,8451,30270
20170314,8477,8547,8429,8429,13558
20170315,8425,8486,8381,8425,7351
20170316,8543,8683,8543,8674,25441
20170317,8696,8752,8656,8731,44351
20170320,8735,8774,8726,8761,2776
20170321,8770,8770,8652,8669,17777
20170322,8486,8538,8350,8429,590453
20170323,8447,8556,8429,8468,3287
20170324,8486,8503,8350,8381,12440
20170327,8337,8355,8267,8272,9013
20170328,8346,8381,8285,8333,3834
20170329,8403,8447,8346,8442,34827
20170330,8490,8499,8416,8477,1248
20170331,8560,8586,8525,8578,19224
20170403,8551,8551,8315,8342,44497
20170404,8298,8307,8254,8294,10634
20170405,8337,8355,8237,8346,6600
20170406,8346,8394,8324,8377,1455
20170407,8394,8398,8337,8355,628
20170410,8346,8346,8219,8294,18036
20170411,8302,8350,8267,8280,4027
20170412,8280,8359,8280,8307,2616
20170413,8298,8298,8106,8162,18439
20170414,8123,8176,8114,8141,1217
20170417,8128,8176,8110,8141,527
20170418,8128,8180,8079,8132,20448
20170419,8119,8136,7961,7970,473804
20170420,8001,8053,7979,7996,130104
20170421,8053,8075,8040,8049,7631
20170424,8110,8171,8110,8141,8680
20170425,8158,8158,8045,8145,27283
20170426,8197,8197,8128,8162,4302
20170427,8167,8251,8114,8154,2953
20170428,8256,8256,8114,8162,995
20170502,8167,8282,8167,8251,3012
20170504,8216,8242,8162,8194,3529
20170508,8136,8207,8100,8207,43142
20170510,8265,8362,8234,8256,7639
20170511,8256,8322,8256,8313,3221
20170512,8340,8340,8269,8309,3224
20170515,8305,8336,8273,8273,2212
20170516,8309,8353,8282,8296,5706
20170517,8296,8296,8162,8202,21656
20170518,8149,8256,8149,8229,2867
20170519,8229,8282,8229,8265,2174
20170522,8336,8580,8336,8580,13570
20170523,8597,8673,8549,8602,15183
20170524,8620,8629,8549,8571,4875
20170525,8580,8695,8580,8695,9186
20170526,8686,8695,8606,8664,249473
20170529,8700,8700,8589,8611,8770
20170530,8633,8673,8593,8611,5483
20170531,8615,8677,8611,8677,4147
20170601,8682,8682,8580,8584,219863
20170602,8597,8597,8544,8571,4121
20170605,8566,8566,8495,8500,1798
20170607,8531,8593,8500,8553,13627
20170608,8553,8575,8504,8566,7611
20170609,8611,8700,8606,8673,9518
20170612,8677,8748,8660,8686,15152
20170613,8673,8757,8673,8757,6404
20170614,8762,8779,8691,8717,32955
20170615,8700,8700,8549,8584,29930
20170616,8566,8615,8544,8584,3103
20170619,8593,8593,8473,8500,3315
20170620,8509,8509,8433,8495,1700
20170621,8473,8473,8389,8429,13331
20170622,8389,8473,8353,8473,2309
20170623,8504,8549,8504,8549,3381
20170626,8553,8642,8522,8615,7814
20170627,8597,8624,8580,8606,2425
20170628,8646,8922,8646,8917,74365
20170629,8948,9015,8913,8975,14007
20170630,8948,9166,8948,9126,379701
20170703,9130,9370,9112,9370,29715
20170704,9401,9401,9108,9143,75699
20170705,9148,9232,9135,9206,7580
20170706,9197,9197,9068,9161,5095
20170707,9117,9268,9117,9232,4912
20170710,9228,9254,9148,9188,64459
20170711,9228,9401,9228,9308,26986
20170712,9308,9308,9206,9250,17533
20170713,9299,9392,9214,9388,9723
20170714,9357,9503,9299,9401,15917
20170717,9472,9530,9428,9530,14473
20170718,9530,9534,9476,9521,21701
20170719,9525,9583,9441,9512,14831
20170720,9561,9645,9547,9627,129804
20170721,9627,9627,9485,9530,139916
20170724,9512,9512,9312,9361,14227
20170725,9321,9481,9321,9463,12252
20170726,9543,9632,9543,9592,8763
20170727,9676,9783,9645,9765,18250
20170728,9765,9765,9614,9716,18177
20170731,9610,9765,9605,9725,75601
20170801,9747,9911,9747,9903,177223
20170802,9903,9903,9707,9783,18856
20170803,9787,9840,9614,9689,16915
20170804,9689,9867,9689,9840,25733
20170807,9885,9991,9863,9974,31245
20170808,10000,10058,9858,9876,31379
20170809,9787,9987,9787,9867,49794
20170810,9836,9863,9676,9774,43030
20170811,9610,9752,9410,9414,49001
20170814,9436,9459,9379,9445,28967
20170816,9445,9450,9259,9303,20179
20170817,9410,9658,9410,9645,27823
20170818,9561,9623,9543,9583,9722
20170821,9587,9681,9552,9654,3347
20170822,9685,9738,9667,9712,6260
20170823,9743,9752,9539,9552,12501
20170824,9552,9618,9494,9521,3357
20170825,9543,9605,9543,9592,7037
20170828,9645,9645,9592,9636,3061
20170829,9636,9694,9561,9694,10790
20170830,9689,9689,9623,9672,20642
20170831,9658,9707,9610,9707,5776
20170901,9703,9716,9592,9694,209046
20170904,9494,9721,9494,9649,5970
20170905,9689,9689,9570,9605,5206
20170906,9583,9583,9374,9414,16272
20170907,9459,9485,9365,9468,19403
20170908,9472,9476,9392,9423,4821
20170911,9361,9361,9259,9325,13500
20170912,9379,9445,9339,9436,13424
20170913,9463,9463,9321,9343,7041
20170914,9303,9312,9170,9210,4371
20170915,9197,9197,8966,9059,14392
20170918,9059,9064,8993,9041,38833
20170919,9010,9228,9010,9188,19375
20170920,9214,9232,9068,9099,9357
20170921,9046,9055,8882,8922,12405
20170922,8806,8833,8584,8700,84110
20170925,8673,8700,8611,8642,10857
20170926,8677,8873,8677,8859,13156
20170927,8819,8819,8686,8686,66579
20170928,8677,8855,8629,8855,4679
20170929,8890,8939,8833,8904,235166
20171010,9001,9126,8948,9126,108667
20171011,9108,9139,9019,9112,116850
20171012,9099,9143,9072,9126,111427
20171013,9139,9237,9139,9219,17241
20171016,9272,9534,9272,9534,14979
20171017,9459,9530,9392,9499,19416
20171018,9468,9468,9303,9352,10077
20171019,9352,9485,9352,9370,54234
20171020,9383,9401,9303,9383,109503
20171023,9383,9383,9232,9241,15658
20171024,9259,9330,9259,9325,4420
20171025,9312,9348,9223,9299,9026
20171026,9299,9299,9001,9015,146725
20171027,9059,9396,9059,9374,244847
20171030,9277,9325,9201,9281,10078
20171031,9263,9263,9126,9166,119702
20171101,9090,9148,9041,9104,144636
20171102,9135,9237,9108,9126,13998
20171103,9143,9237,9143,9206,6748
20171106,9223,9223,9068,9121,8011
20171107,9139,9223,9139,9166,14039
20171108,9104,9126,9050,9121,7821
20171109,9175,9206,9117,9183,19324
20171110,9210,9210,9126,9166,6248
20171113,9161,9206,9046,9077,20132
20171114,9081,9104,9041,9095,19874
20171115,9081,9081,8877,8913,18097
20171116,8953,8953,8877,8904,8735
20171117,8966,9037,8890,8948,6359
20171120,8975,9037,8948,8993,7575
20171121,8993,8993,8851,8877,11481
20171122,8882,8957,8855,8859,9339
20171123,8984,9024,8944,9010,13282
20171124,9041,9041,8961,8993,12504
20171127,9032,9072,8984,9055,87765
20171128,9077,9117,9006,9059,9187
20171129,9086,9104,8993,9059,13475
20171130,9152,9192,9117,9161,17996
20171201,9183,9183,9024,9046,15017
20171204,9099,9139,9015,9126,9065
20171205,9130,9321,9130,9308,23781
20171206,9348,9348,9068,9068,31997
20171207,9081,9081,8895,8966,14277
20171208,8935,8935,8819,8868,7336
20171211,8877,9001,8855,9001,4147
20171212,8908,8984,8908,8922,3597
20171213,9001,9086,8988,9072,5900
20171214,9117,9117,9015,9015,7507
20171215,9121,9126,9046,9126,14121
20171218,9099,9099,8899,8926,11908
20171219,8944,8984,8895,8904,4476
20171220,8930,9090,8930,9024,11248
20171221,9055,9108,9001,9041,6164
20171222,9041,9041,8966,9032,2986
20171226,9046,9117,9046,9068,4768
20171227,9108,9201,9064,9201,11833
20171228,9201,9272,9188,9272,3721
20180102,9272,9388,9268,9357,266008
20180103,9317,9516,9317,9490,27155
20180104,9543,9614,9450,9454,89719
20180105,9476,9570,9476,9561,14608
20180108,9539,9641,9516,9627,24652
20180109,9614,9849,9614,9849,69013
20180110,9845,9996,9792,9907,21549
20180111,9907,9907,9658,9734,20908
20180112,9783,9969,9783,9916,50395
20180115,10009,10022,9809,9854,21427
20180116,9836,9836,9712,9783,8999
20180117,9698,9787,9681,9783,12522
20180118,9756,9809,9663,9738,15757
20180119,9721,9845,9703,9845,10787
20180122,9814,9823,9601,9743,10833
20180123,9721,9774,9712,9769,18800
20180124,9756,9867,9756,9849,10907
20180125,9823,10013,9823,10013,87870
20180126,9991,10013,9920,9938,74266
20180129,9947,10036,9947,9982,20392
20180130,9982,10049,9849,9885,16127
20180131,9818,9818,9583,9787,24816
20180201,9774,9987,9765,9965,22059
20180202,9871,9871,9641,9649,87671
20180205,9507,9547,9463,9481,277492
20180206,9330,9441,9201,9436,12221
20180207,9507,9587,9290,9321,6898
20180208,9294,9481,9281,9343,8583
20180209,9108,9197,9050,9192,5808
20180212,9232,9290,9143,9201,4171
20180213,9272,9272,9126,9139,6167
20180214,9161,9206,9108,9188,11570
20180219,9072,9321,9037,9268,38288
20180220,9263,9357,9250,9250,3432
20180221,9272,9272,9170,9246,7752
20180222,9206,9206,9104,9188,6696
20180223,9232,9254,9166,9232,2349
20180226,9299,9357,9241,9299,8892
20180227,9272,9388,9272,9334,9833
20180228,9277,9281,9166,9219,7464
20180302,9130,9130,8948,8975,122147
20180305,8970,9001,8819,8833,9786
20180306,8908,8930,8851,8877,16592
20180307,8855,8979,8811,8868,7629
20180308,8899,8997,8868,8997,27475
20180309,8930,8993,8855,8886,42105
20180312,8966,9010,8913,9001,23006
20180313,8922,8953,8904,8935,2944
20180314,8868,8873,8775,8802,63694
20180315,8806,8806,8717,8784,60206
20180316,8784,8793,8740,8744,62692
20180319,8815,8953,8788,8806,30847
20180320,8859,8868,8748,8766,51627
20180321,8762,8815,8740,8811,8919
20180322,8873,8873,8744,8779,22321
20180323,8753,8753,8433,8460,18696
20180326,8797,8797,8518,8589,20342
20180327,8646,8802,8611,8771,8710
20180328,8673,8700,8589,8651,2181
20180329,8660,8700,8553,8700,13505
20180330,8704,8704,8593,8606,28216
20180402,8593,8660,8491,8544,60948
20180403,8500,8504,8433,8473,1717
20180404,8442,8478,8380,8393,68018
20180405,8433,8442,8389,8416,1292
20180406,8424,8424,8344,8362,3634
20180409,8344,8344,8234,8256,16158
20180410,8265,8367,8194,8344,41119
20180411,8353,8389,8318,8344,6404
20180412,8322,8371,8309,8344,992
20180413,8344,8371,8278,8305,4336
20180416,8300,8318,8194,8229,9101
20180417,8211,8256,8194,8247,2736
20180418,8256,8407,8220,8393,12547
20180419,8455,8633,8451,8629,20015
20180420,8620,8651,8540,8651,44686
20180423,8642,8757,8642,8695,24165
20180424,8722,8735,8620,8700,9746
20180425,8700,8700,8593,8615,5664
20180426,8633,8700,8575,8629,2457
20180427,8624,8642,8538,8552,6226
20180430,8696,9093,8696,9034,64774
20180502,9129,9228,8895,8944,65315
20180503,9025,9034,8849,8877,9524
20180504,8822,9061,8773,9007,48576
20180508,8940,8971,8863,8863,12012
20180509,8849,8863,8723,8723,14751
20180510,8746,8994,8746,8994,16509
20180511,8962,9070,8917,9030,20539
20180514,9120,9372,9088,9350,79900
20180515,9377,9427,9224,9287,46184
20180516,9043,9134,8917,8917,64149
20180517,8985,9111,8940,8967,26241
20180518,8967,9016,8899,9016,6081
20180521,9003,9003,8881,8908,6962
20180523,8809,8809,8669,8723,30384
20180524,8746,8750,8629,8669,127428
20180525,8480,8507,8421,8439,44490
20180528,8764,9129,8764,8908,184818
20180529,8872,8872,8642,8651,22071
20180530,8638,8638,8448,8484,28604
20180531,8498,8547,8412,8439,158889
20180601,8493,8552,8403,8462,23062
20180604,8602,8624,8538,8579,19699
20180605,8593,8696,8565,8678,4167
20180607,8800,8971,8795,8944,47332
20180608,8872,8877,8723,8732,19969
20180611,8755,8877,8755,8877,15355
20180612,8877,8899,8710,8741,14490
20180614,8674,8674,8453,8471,20380
20180615,8520,8525,8444,8444,13474
20180618,8448,8480,8272,8336,21565
20180619,8295,8336,7984,8024,58354
20180620,8042,8097,7997,8033,10823
20180621,8015,8038,7871,7876,29198
20180622,7831,7889,7767,7876,9996
20180625,7894,8133,7871,8101,26552
20180626,8061,8061,7934,7970,3989
20180627,7925,7930,7686,7686,20326
20180628,7704,7740,7565,7565,7808
20180629,7659,7727,7587,7722,5072
20180702,7700,7700,7420,7447,31755
20180703,7447,7447,7254,7362,10681
20180704,7290,7353,7235,7276,2701
20180705,7263,7299,7217,7272,13306
20180706,7281,7402,7258,7389,16760
20180709,7317,7317,7136,7226,39754
20180710,7276,7344,7276,7344,244341
20180711,7290,7290,7199,7281,3841
20180712,7281,7366,7281,7326,1144
20180713,7326,7420,7317,7357,9727
20180716,7357,7375,7290,7326,63903
20180717,7330,7407,7326,7380,34670
20180718,7398,7402,7303,7321,5648
20180719,7317,7317,7217,7249,16298
20180720,7195,7235,7159,7177,2525
20180723,7195,7317,7195,7249,3079
20180724,7258,7529,7231,7483,5748
20180725,7488,7614,7488,7520,38245
20180726,7565,7673,7565,7650,10844
20180727,7650,7650,7578,7628,1832
20180730,7619,7713,7574,7713,1753
20180731,7713,7754,7695,7754,3642
20180801,7790,7898,7767,7804,3648
20180802,7758,7758,7529,7556,5677
20180803,7560,7632,7529,7610,357
20180806,7601,7799,7601,7754,3431
20180807,7749,7822,7713,7822,3674
20180808,7767,7808,7745,7745,2677
20180809,7745,7745,7664,7722,1746
20180810,7722,7781,7664,7718,3947
20180813,7691,7691,7465,7501,4934
20180814,7520,7565,7520,7565,1153
20180816,7501,7501,7393,7456,629
20180817,7479,7479,7434,7470,16147
20180820,7524,7686,7524,7650,4577
20180821,7650,7713,7605,7659,658
20180822,7673,7695,7650,7659,1799
20180823,7673,7673,7538,7542,1462
20180824,7529,7583,7483,7556,1126
20180827,7605,7691,7592,7673,2708
20180828,7686,7799,7686,7781,6018
20180829,7776,7898,7745,7876,10274
20180830,7898,8002,7785,7898,48986
20180831,7862,7862,7722,7785,11656
20180903,7772,7772,7659,7664,6856
20180904,7686,7686,7574,7619,14776
20180905,7601,7619,7520,7538,5169
20180906,7538,7655,7538,7583,1091
20180907,7628,7673,7574,7655,1204
20180910,7628,7736,7628,7722,1549
20180911,7722,7722,7538,7551,2623
20180912,7583,7650,7483,7569,77421
20180913,7614,7776,7614,7740,15340
20180914,7795,7889,7781,7817,9758
20180917,7758,7758,7668,7745,2894
20180918,7700,7781,7664,7767,7396
20180919,7804,7885,7804,7871,6466
20180920,7871,7880,7781,7862,4509
20180921,7898,7988,7871,7943,6796
20180927,7966,8079,7966,8042,18800
20180928,8056,8056,7907,7948,87281
20181001,7952,7952,7849,7930,3832
20181002,7903,7934,7849,7858,1431
20181004,7894,7903,7601,7632,18104
20181005,7646,7664,7565,7610,1488
20181008,7596,7596,7470,7501,5781
20181010,7497,7515,7294,7335,5455
20181011,7096,7154,6965,6965,27805
20181012,6942,7060,6942,7046,24753
20181015,7046,7051,6969,6983,2682
20181016,7033,7037,6978,6988,4755
20181017,7046,7091,7033,7060,8625
20181018,7051,7051,6906,6947,1695
20181019,6897,6942,6834,6938,6444
20181022,6920,6974,6803,6974,2989
20181023,6965,6969,6762,6794,27746
20181024,6857,6911,6834,6848,5673
20181025,6744,6789,6717,6789,2627
20181026,6789,6789,6582,6645,32753
20181029,6582,6713,6501,6501,6105
20181030,6474,6546,6365,6447,37059
20181031,6447,6465,6347,6442,1982
20181101,6465,6483,6392,6397,1671
20181102,6451,6771,6451,6744,133737
20181105,6681,6681,6568,6604,7035
20181106,6627,6771,6627,6731,13724
20181107,6762,6866,6613,6636,13144
20181108,6722,6794,6722,6740,12354
20181109,6703,6776,6681,6735,16484
20181112,6699,6713,6654,6694,948
20181113,6609,6798,6568,6798,2918
20181114,6789,6789,6681,6717,507
20181115,6699,6767,6649,6767,13294
20181116,6762,6825,6722,6825,370
20181119,6807,6915,6807,6893,18315
20181120,6852,6866,6812,6839,1723
20181121,6812,6852,6776,6852,1469
20181122,6852,6852,6776,6776,130
20181123,6807,6821,6703,6722,261
20181126,6726,6771,6654,6681,1864
20181127,6726,6744,6663,6722,1987
20181128,6767,6767,6600,6645,11556
20181129,6744,6821,6713,6735,14692
20181130,6776,6798,6731,6762,1609
20181203,6834,7028,6834,7006,9874
20181204,6978,7046,6956,6992,50064
20181205,6920,6956,6852,6866,1614
20181206,6884,6884,6735,6780,3238
20181207,6807,6807,6762,6789,3829
20181210,6681,6762,6681,6762,16073
20181211,6731,6753,6690,6690,2165
20181212,6758,6821,6749,6789,1369
20181213,6830,6897,6825,6852,16114
20181214,6893,6978,6798,6888,20401
20181217,6929,6960,6906,6960,1717
20181218,6933,7015,6906,6942,22470
20181219,6942,6992,6933,6992,8425
20181220,6911,6951,6830,6951,2004
20181221,6942,6951,6735,6762,33511
20181224,6825,6852,6708,6834,7205
20181226,6726,6816,6726,6798,3659
20181227,6866,6920,6852,6888,2157
20181228,6888,6888,6852,6852,1160
20190102,6848,6875,6703,6744,669
20190103,6749,6803,6699,6776,20808
20190104,6776,6884,6753,6879,48368
20190107,6920,6997,6920,6938,4059
20190108,6988,6997,6920,6933,21966
20190109,6942,7172,6942,7154,8476
20190110,7100,7163,7060,7163,4008
20190111,7159,7186,7123,7172,2148
20190114,7159,7159,7033,7060,2258
20190115,7100,7172,7087,7172,867
20190116,7150,7204,7150,7181,1399
20190117,7204,7213,7123,7132,12824
20190118,7208,7222,7159,7172,4336
20190121,7226,7321,7226,7294,6906
20190122,7276,7276,7240,7240,1867
20190123,7222,7276,7172,7263,5993
20190124,7217,7240,7172,7190,3435
20190125,7168,7276,7154,7254,2168
20190128,7231,7272,7208,7213,5094
20190129,7195,7235,7118,7226,4035
20190130,7299,7398,7249,7398,3565
20190131,7474,7479,7348,7416,8602
20190201,7411,7434,7380,7420,3901
20190207,7429,7474,7366,7443,13116
20190208,7425,7425,7235,7294,52447
20190211,7294,7294,7190,7263,14867
20190212,7254,7294,7204,7267,5585
20190213,7276,7294,7222,7254,5383
20190214,7217,7294,7154,7294,4195
20190215,7281,7285,7195,7213,3372
20190218,7222,7290,7222,7272,962
20190219,7263,7339,7263,7330,39455
20190220,7330,7520,7330,7515,23287
20190221,7479,7538,7456,7529,13467
20190222,7510,7542,7447,7515,4147
20190225,7560,7592,7510,7556,7154
20190226,7556,7637,7556,7637,7256
20190227,7637,7655,7529,7560,14465
20190228,7596,7596,7425,7465,3129
20190304,7411,7533,7411,7456,6536
20190305,7420,7425,7303,7330,9217
20190306,7357,7393,7303,7330,4257
20190307,7330,7330,7240,7267,7619
20190308,7249,7249,7096,7100,7734
20190311,7105,7136,7060,7118,1136
20190312,7172,7222,7172,7181,2246
20190313,7186,7254,7186,7240,4783
20190314,7281,7308,7244,7303,4585
20190315,7299,7411,7299,7380,4247
20190318,7357,7357,7299,7308,1338
20190319,7326,7339,7285,7299,513
20190320,7267,7294,7263,7294,567
20190321,7299,7371,7226,7258,2761
20190322,7254,7285,7199,7208,2366
20190325,7154,7163,7105,7127,10311
20190326,7123,7136,7091,7114,3843
20190327,7123,7141,7091,7141,2884
20190328,7123,7123,7060,7123,1564
20190329,7123,7159,7060,7159,1012
20190401,7168,7362,7154,7357,7666
20190402,7393,7470,7321,7384,44210
20190403,7330,7515,7330,7488,11171
20190404,7501,7587,7488,7524,34001
20190405,7565,7592,7520,7547,6018
20190408,7574,7601,7510,7529,4256
20190409,7529,7569,7506,7506,2287
20190410,7492,7529,7465,7529,3897
20190411,7533,7596,7497,7501,12211
20190412,7497,7547,7456,7510,1222
20190415,7510,7569,7443,7492,35027
20190416,7456,7497,7456,7492,1409
20190417,7470,7497,7434,7483,8110
20190418,7492,7542,7407,7438,2535
20190419,7429,7434,7389,7407,1134
20190422,7393,7393,7321,7366,3309
20190423,7362,7366,7330,7344,1502
20190424,7348,7371,7231,7244,6660
20190425,7267,7267,7226,7254,3022
20190426,7235,7235,7123,7154,7402
20190429,7159,7260,7136,7260,3959
20190430,7260,7278,7141,7196,18267
20190502,7122,7173,7104,7168,12741
20190503,7177,7177,7095,7108,1922
20190507,7072,7072,6952,7021,5234
20190508,6934,7021,6934,7016,2852
20190509,7012,7012,6851,6851,2241
20190510,6888,6911,6800,6837,35456
20190513,6819,6819,6718,6727,3760
20190514,6695,6782,6695,6764,12101
20190515,6755,6846,6750,6846,4445
20190516,6805,6814,6709,6709,4508
20190517,6736,6805,6713,6713,3760
20190520,6727,6782,6690,6709,920
20190521,6709,6709,6635,6681,47082
20190522,6718,6718,6640,6704,30008
20190523,6704,6704,6630,6658,2206
20190524,6607,6663,6589,6653,2084
20190527,6658,6699,6626,6699,1204
20190528,6704,6755,6695,6732,5552
20190529,6750,6750,6635,6644,2390
20190530,6658,6699,6640,6681,7142
20190531,6658,6686,6640,6686,8641
20190603,6649,6823,6617,6819,3672
20190604,6814,6828,6768,6805,2162
20190605,6819,6819,6755,6773,2412
20190607,6768,6773,6704,6755,3852
20190610,6768,6837,6764,6837,2105
20190611,6842,6938,6842,6938,12781
20190612,6938,7021,6938,6971,2780
20190613,6966,6980,6911,6980,99
20190614,6975,6975,6929,6957,56
20190617,6957,6966,6892,6915,1720
20190618,6911,6938,6892,6938,201
20190619,6975,7007,6957,6966,3571
20190620,6980,6993,6948,6971,2438
20190621,6971,7016,6971,6993,1710
20190624,7039,7062,6989,7021,12492
20190625,7058,7058,6984,6998,6294
20190626,6975,7003,6961,7003,2748
20190627,6998,7003,6966,6984,3293
20190628,6980,6998,6948,6975,433
20190701,7049,7049,6948,6966,2955
20190702,6943,6943,6906,6929,3885
20190703,6925,6925,6846,6874,5260
20190704,6856,6911,6823,6911,2418
20190705,6938,6957,6879,6943,362
20190708,6929,6929,6791,6791,2036
20190709,6791,6819,6736,6736,4463
20190710,6787,6787,6690,6722,688
20190711,6718,6800,6718,6773,1005
20190712,6768,6768,6722,6759,1245
20190715,6755,6755,6681,6709,4641
20190716,6695,6768,6695,6768,19954
20190717,6755,6755,6676,6681,3637
20190718,6649,6676,6617,6640,9344
20190719,6649,6745,6640,6745,2457
20190722,6718,6778,6709,6745,1228
20190723,6736,6800,6709,6800,3306
20190724,6768,6837,6745,6773,17482
20190725,6750,6759,6640,6690,2661
20190726,6630,6653,6506,6552,1864
20190729,6557,6557,6392,6419,723734
20190730,6405,6460,6387,6433,1044
20190731,6433,6451,6382,6401,3676
20190801,6336,6359,6240,6249,24143
20190802,6194,6194,6102,6107,50251
20190805,6038,6070,5923,5937,31177
20190806,5803,5941,5799,5858,23650
20190807,5886,5909,5790,5881,919
20190808,5941,6047,5909,6033,2965
20190809,6056,6084,6047,6079,3250
20190812,6024,6084,6010,6042,3826
20190813,5992,6015,5973,6001,243
20190814,6047,6061,5946,5987,10666
20190816,5946,6001,5923,5978,49153
20190819,5983,6070,5983,6070,31091
20190820,6051,6125,6051,6097,320
20190821,6097,6116,6070,6116,1162
20190822,6088,6111,6038,6074,1424
20190823,6033,6047,5983,6001,4958
20190826,5923,5923,5877,5891,3717
20190827,5918,5946,5858,5872,5552
20190828,5904,5937,5863,5932,14677
20190829,5927,5927,5881,5900,779
20190830,5983,6038,5983,6038,952
20190902,6056,6088,6024,6088,1020
20190903,6070,6102,6042,6056,1835
20190904,6042,6130,6033,6130,1122
20190905,6134,6217,6134,6171,1104
20190906,6157,6176,6097,6116,2953
20190909,6130,6189,6107,6134,5278
20190910,6148,6217,6148,6212,17852
20190911,6240,6359,6240,6359,13211
20190916,6414,6460,6364,6442,11285
20190917,6419,6460,6378,6419,1443
20190918,6410,6428,6369,6405,1071
20190919,6378,6414,6309,6327,3566
20190920,6327,6350,6295,6350,20554
20190923,6350,6350,6295,6318,4074
20190924,6304,6336,6295,6323,5078
20190925,6350,6350,6235,6235,2044
20190926,6286,6290,6157,6221,8570
20190927,6258,6258,6130,6157,3156
20190930,6148,6194,6120,6194,58492
20191001,6166,6235,6134,6217,24493
20191002,6162,6162,6010,6024,33017
20191004,6024,6024,5973,5973,11478
20191007,5960,5964,5900,5904,14594
20191008,5932,6001,5904,5983,5660
20191010,5927,5960,5872,5914,2782
20191011,5996,6010,5964,5996,5283
20191014,6065,6125,6056,6111,22868
20191015,6079,6120,6074,6088,2530
20191016,6097,6130,6047,6051,1236
20191017,6042,6051,6001,6019,7513
20191018,6056,6079,6006,6015,2228
20191021,6019,6038,5964,5973,5598
20191022,5973,6056,5973,6051,22752
20191023,6001,6028,5932,5932,22843
20191024,5955,5969,5895,5955,15310
20191025,5960,5960,5835,5845,57994
20191028,5891,5904,5845,5845,16160
20191029,5881,5891,5822,5831,23378
20191030,5817,5817,5711,5730,93606
20191031,5753,5757,5688,5707,123460
20191101,5693,5725,5675,5716,8781
20191104,5739,5826,5739,5826,36547
20191105,5845,5868,5835,5868,25959
20191106,5840,5886,5840,5840,5621
20191107,5817,5849,5817,5826,2731
20191108,5886,5946,5886,5932,11388
20191111,5932,6006,5909,5964,21564
20191112,5964,5973,5914,5950,10388
20191113,5932,5950,5886,5904,11173
20191114,5918,5923,5858,5891,5181
20191115,5886,5992,5872,5969,34094
20191118,5987,6001,5909,5955,14793
20191119,5822,5831,5780,5799,45356
20191120,5767,5767,5670,5688,40027
20191121,5656,5688,5606,5633,44303
20191122,5661,5661,5578,5615,50863
20191125,5610,5744,5610,5734,12015
20191126,5757,5835,5739,5835,42001
20191127,5845,5849,5771,5776,5562
20191128,5711,5771,5711,5744,7680
20191129,5771,5776,5638,5652,36899
20191202,5665,5684,5642,5684,1323
20191203,5615,5647,5574,5647,2000
20191204,5587,5587,5555,5560,32633
20191205,5574,5601,5523,5560,5791
20191206,5583,5587,5546,5569,10745
20191209,5597,5610,5574,5610,11220
20191210,5610,5633,5587,5629,1275
20191211,5647,5675,5615,5665,3501
20191212,5684,5785,5670,5762,53464
20191213,5826,5895,5826,5840,62871
20191216,5877,5877,5835,5858,34205
20191217,5849,5927,5845,5918,25604
20191218,5918,5941,5904,5914,3388
20191219,5891,5909,5849,5895,25158
20191220,5927,5950,5881,5950,32066
20191223,5927,5946,5909,5914,6903
20191224,5914,5914,5863,5881,37484
20191226,5904,5932,5886,5914,22132
20191227,5941,5987,5904,5964,47360
20191230,5983,5983,5950,5960,12137
20200102,5973,5973,5891,5927,14446
20200103,5950,6001,5918,5937,27346
20200106,5909,5909,5817,5817,29640
20200107,5854,5872,5826,5831,5079
20200108,5776,5776,5665,5688,5333
20200109,5744,5776,5730,5771,9675
20200110,5771,5799,5753,5785,3039
20200113,5790,5826,5762,5826,13610
20200114,5845,5923,5840,5914,67318
20200115,5927,5996,5858,5978,18769
20200116,5978,5978,5927,5950,21266
20200117,5950,5992,5950,5978,6378
20200120,5992,6088,5992,6056,29174
20200121,6056,6093,5992,5996,74966
20200122,6006,6006,5955,5978,3623
20200123,5955,5973,5914,5914,3337
20200128,5803,5845,5633,5633,187792
20200129,5702,5721,5633,5721,4036
20200130,5785,5785,5652,5679,13882
20200131,5675,5702,5551,5560,10417
20200203,5486,5505,5381,5491,52870
20200204,5477,5532,5449,5500,15593
20200205,5551,5551,5472,5523,50405
20200206,5587,5840,5587,5835,39159
20200207,5831,5872,5739,5872,6978
20200210,5826,5845,5767,5826,13536
20200211,5831,5886,5822,5854,2413
20200212,5840,5900,5826,5858,9873
20200213,5877,5900,5799,5813,30758
20200214,5799,5813,5748,5813,14995
20200217,5803,5831,5776,5831,2126
20200218,5803,5835,5771,5776,111892
20200219,5826,5845,5771,5826,178404
20200220,5822,5822,5688,5693,28589
20200221,5652,5652,5546,5546,133773
20200224,5459,5459,5353,5353,61408
20200225,5335,5408,5325,5394,65064
20200226,5330,5417,5284,5404,63488
20200227,5394,5431,5353,5371,95427
20200228,5270,5298,5174,5206,87704
20200302,5192,5224,5114,5165,29797
20200303,5224,5252,5128,5132,99617
20200304,5178,5284,5178,5256,16346
20200305,5284,5339,5270,5339,12342
20200306,5289,5289,5174,5192,4099
20200309,5096,5096,4930,4949,102955
20200310,4875,4958,4875,4953,5056
20200311,4972,4985,4815,4870,86774
20200312,4857,4857,4609,4710,117286
20200313,4314,4535,4241,4457,127528
20200316,4507,4507,4282,4282,17874
20200317,4048,4246,4048,4167,36757
20200318,4154,4167,3873,3873,255922
20200319,3887,3919,3405,3405,17462
20200320,3492,3694,3428,3694,18061
20200323,3478,3538,3368,3487,4091
20200324,3561,3804,3542,3804,9837
20200325,3951,4135,3919,4135,11191
20200326,4144,4255,4089,4181,15543
20200327,4406,4420,4108,4255,14556
20200330,4163,4365,4149,4314,11854
20200331,4365,4388,4282,4351,7129
20200401,4319,4406,4213,4241,10505
20200402,4250,4351,4181,4351,32609
20200403,4342,4475,4301,4466,4073
20200406,4480,4604,4480,4595,6304
20200407,4677,4677,4553,4641,11989
20200408,4632,4673,4563,4576,31187
20200409,4618,4664,4599,4627,28090
20200410,4641,4783,4641,4719,9237
20200413,4815,4843,4682,4682,8459
20200414,4710,4792,4705,4728,1900
20200416,4696,4728,4627,4728,2059
20200417,4723,4792,4723,4765,72165
20200420,4751,4815,4737,4760,5677
20200421,4751,4765,4668,4733,42177
20200422,4677,4696,4604,4696,3450
20200423,4728,4774,4710,4710,2059
20200424,4696,4737,4677,4691,374
20200427,4737,4779,4705,4765,5240
20200428,4779,4831,4765,4802,3672
20200429,4812,4925,4812,4901,11321
20200504,4765,4798,4737,4737,3326
20200506,4788,4807,4741,4784,4189
20200507,4765,4826,4765,4821,5557
20200508,4849,4906,4849,4854,9776
20200511,4840,4854,4774,4779,2445
20200512,4793,4793,4661,4685,4884
20200513,4638,4671,4595,4671,1590
20200514,4661,4661,4567,4595,857
20200515,4652,4652,4563,4614,3159
20200518,4647,4661,4605,4661,718
20200519,4779,4887,4779,4878,9313
20200520,4864,4958,4845,4892,1812
20200521,4915,4939,4892,4915,3977
20200522,4915,4920,4784,4788,8108
20200525,4845,4845,4774,4798,1418
20200526,4840,4925,4798,4906,199968
20200527,4939,5080,4934,5080,34439
20200528,5099,5146,4953,4972,112607
20200529,4976,5005,4906,4995,14779
20200601,5014,5028,4991,5019,21160
20200602,5071,5136,5071,5113,50458
20200603,5174,5579,5174,5532,219658
20200604,5640,5668,5409,5503,151172
20200605,5513,5654,5470,5597,79613
20200608,5710,5710,5579,5593,121234
20200609,5616,5644,5513,5564,75048
20200610,5579,5579,5503,5546,21521
20200611,5546,5673,5452,5494,65798
20200612,5296,5334,5221,5296,23029
20200615,5240,5240,4887,4887,64022
20200616,4976,5207,4976,5207,10948
20200617,5235,5259,5132,5193,11422
20200618,5151,5198,5108,5151,3527
20200619,5202,5202,5118,5160,5045
20200622,5155,5155,5080,5099,4735
20200623,5094,5146,4995,5028,33617
20200624,5066,5108,5047,5080,9507
20200625,5000,5000,4915,4929,10470
20200626,4944,4972,4920,4972,12165
20200629,4896,4901,4845,4845,48887
20200630,4925,4962,4878,4901,13683
20200701,4958,5024,4920,4986,5616
20200702,5024,5118,5024,5118,13324
20200703,5160,5160,5075,5127,6821
20200706,5127,5198,5089,5174,26084
20200707,5198,5216,5118,5141,9865
20200708,5151,5226,5141,5202,8886
20200709,5221,5240,5188,5193,49483
20200710,5198,5198,5061,5103,32411
20200713,5127,5174,5080,5174,34506
20200714,5151,5151,5085,5127,29703
20200715,5169,5343,5169,5212,56293
20200716,5249,5282,5212,5230,38375
20200717,5263,5296,5216,5245,37000
20200720,5240,5339,5226,5325,20563
20200721,5334,5390,5273,5390,41857
20200722,5395,5691,5395,5602,161189
20200723,5616,5616,5499,5546,20233
20200724,5489,5536,5433,5437,250845
20200727,5480,5630,5480,5630,14881
20200728,5691,5739,5588,5621,32699
20200729,5597,5663,5574,5663,6566
20200730,5663,5668,5569,5597,8733
20200731,5593,5593,5513,5522,12832
20200803,5527,5536,5466,5489,12269
20200804,5489,5607,5489,5574,6197
20200805,5602,5621,5550,5583,4701
20200806,5640,5757,5626,5753,71839
20200807,5790,5819,5696,5720,58309
20200810,5706,5748,5663,5748,29920
20200811,5823,5969,5814,5903,90716
20200812,5837,5880,5743,5842,55338
20200813,5866,5875,5739,5804,22775
20200814,5837,5851,5715,5823,25500
20200818,5847,5847,5536,5541,37086
20200819,5560,5630,5541,5593,37350
20200820,5555,5579,5320,5358,28566
20200821,5405,5508,5358,5466,15906
20200824,5456,5508,5372,5508,2984
20200825,5536,5607,5536,5602,22259
20200826,5583,5583,5433,5489,13256
20200827,5485,5485,5339,5358,17751
20200828,5334,5442,5334,5386,29459
20200831,5428,5480,5329,5329,16904
20200901,5329,5409,5325,5409,17352
20200902,5433,5433,5372,5419,5181
20200903,5466,5466,5390,5405,10357
20200904,5268,5348,5268,5339,21545
20200907,5348,5466,5306,5433,23775
20200908,5485,5508,5381,5390,12703
20200909,5329,5390,5329,5372,8223
20200910,5395,5395,5362,5386,3383
20200911,5362,5362,5320,5358,2840
20200914,5395,5447,5348,5447,7484
20200915,5452,5452,5381,5447,6225
20200916,5447,5475,5428,5456,4505
20200917,5466,5489,5414,5452,13343
20200918,5456,5480,5414,5461,6547
20200921,5442,5466,5367,5381,20891
20200922,5372,5381,5249,5282,29753
20200923,5306,5306,5207,5278,12254
20200924,5207,5207,5080,5080,22302
20200925,5141,5179,5127,5160,9723
20200928,5207,5235,5174,5216,7507
20200929,5249,5301,5249,5287,4961
20201005,5301,5527,5296,5527,56321
20201006,5503,5550,5470,5494,9218
20201007,5461,5508,5409,5503,9039
20201008,5536,5635,5536,5588,25989
20201012,5630,5630,5489,5546,21643
20201013,5588,5588,5508,5574,31380
20201014,5597,5616,5485,5503,23003
20201015,5489,5673,5489,5626,37277
20201016,5640,5710,5550,5635,42528
20201019,5654,5743,5654,5682,61237
20201020,5630,5659,5508,5659,22914
20201021,5663,5715,5659,5706,25259
20201022,5696,5814,5673,5804,36541
20201023,5833,5856,5729,5833,14659
20201026,5814,5814,5691,5715,17499
20201027,5654,5701,5583,5626,7747
20201028,5616,5635,5532,5621,26614
20201029,5494,5555,5447,5541,10171
20201030,5532,5532,5405,5447,25913
20201102,5461,5579,5461,5579,15553
20201103,5579,5673,5579,5673,41629
20201104,5691,5739,5597,5644,18519
20201105,5668,5724,5626,5724,15957
20201106,5720,5748,5691,5715,13542
20201109,5781,5837,5767,5828,94667
20201110,5898,5983,5856,5946,181206
20201111,5974,6016,5941,6007,105940
20201112,5997,5997,5917,5955,71745
20201113,5903,5927,5870,5894,87379
20201116,5950,6021,5936,5997,66895
20201117,6030,6091,5955,5955,63223
20201118,5955,5978,5927,5960,138127
20201119,6021,6021,5866,5922,41595
20201120,5884,5936,5884,5936,19990
20201123,5941,6171,5898,6171,93491
20201124,6171,6265,6167,6190,97614
20201125,6251,6298,6115,6153,97545
20201126,6176,6181,6068,6096,39438
20201127,6068,6143,6063,6105,23654
20201130,6115,6115,5960,5960,34480
20201201,6030,6223,6016,6214,96486
20201202,6242,6298,6190,6298,80243
20201203,6336,6336,6265,6331,72288
20201204,6331,6595,6331,6581,198422
20201207,6656,6679,6435,6585,51039
20201208,6590,6590,6477,6477,37301
20201209,6496,6717,6496,6717,57865
20201210,6703,6853,6670,6783,81717
20201211,6816,6915,6802,6886,83012
20201214,6858,6858,6745,6788,64956
20201215,6792,6802,6642,6689,47042
20201216,6764,6783,6708,6755,25453
20201217,6759,6759,6618,6708,49403
20201218,6726,6802,6698,6717,39017
20201221,6755,6783,6614,6778,36349
20201222,6722,6731,6548,6566,45353
20201223,6557,6614,6444,6562,83547
20201224,6585,6679,6585,6609,47307
20201228,6637,6646,6585,6623,51737
20201229,6717,6764,6656,6755,38132
20201230,6778,6844,6726,6816,62197
20210104,6868,6943,6755,6943,86798
20210105,6933,7338,6933,7329,190413
20210106,7432,7460,7178,7220,136133
20210107,7352,7503,7338,7441,139303
20210108,7404,7644,7404,7526,176369
20210111,7592,7592,7136,7272,210885
20210112,7145,7272,7032,7178,104090
20210113,7253,7300,7126,7244,90219
20210114,7343,7343,7239,7253,84323
20210115,7333,7338,7089,7117,112125
20210118,7093,7093,6910,6933,59982
20210119,6966,7216,6966,7197,103415
20210120,7343,7343,7079,7220,76243
20210121,7244,7314,7206,7281,45994
20210122,7361,7361,7159,7159,52761
20210125,7150,7244,7122,7234,52070
20210126,7267,7277,7046,7056,61067
20210127,7056,7131,6980,6990,62913
20210128,6788,6853,6750,6755,87969
20210129,6853,6853,6501,6581,102609
20210201,6614,6769,6534,6769,74912
20210202,6835,6924,6764,6872,81209
20210203,6900,6957,6816,6896,61261
20210204,6910,6985,6835,6868,39842
20210205,6896,6919,6820,6900,37379
20210208,6919,6990,6844,6924,40623
20210209,7004,7004,6915,6938,33242
20210210,6943,6980,6896,6980,36986
20210215,6980,7032,6948,6976,67084
20210216,6976,7079,6962,7046,46466
20210217,7197,7253,7103,7173,146251
20210218,7169,7173,7037,7037,40164
20210219,7023,7051,6872,7018,105276
20210222,6999,7281,6999,7230,156157
20210223,7253,7376,7202,7329,146440
20210224,7357,7437,7117,7136,121166
20210225,7376,7418,7263,7409,141185
20210226,7169,7291,7169,7244,54777
20210302,7423,7423,7197,7267,95656
20210303,7267,7474,7253,7470,100983
20210304,7606,7615,7498,7611,166588
20210305,7427,7761,7427,7742,177626
20210308,7808,8025,7808,7851,313199
20210309,7926,7978,7583,7738,335240
20210310,7658,7658,7413,7418,272995
20210311,7507,7573,7423,7564,90624
20210312,7672,7672,7503,7573,172392
20210315,7573,7714,7554,7695,119204
20210316,7653,7761,7653,7724,80407
20210317,7686,7691,7573,7658,96172
20210318,7658,7742,7625,7648,99851
20210319,7526,7601,7517,7578,80217
20210322,7639,7747,7615,7733,121499
20210323,7766,7804,7700,7700,100836
20210324,7611,7695,7568,7592,164791
20210325,7568,7738,7536,7724,98170
20210326,7771,7968,7766,7945,160811
20210329,8072,8316,8034,8260,368841
20210330,8349,8354,8119,8227,255867
20210331,8265,8312,8204,8269,141071
20210401,8274,8274,8058,8100,216681
20210402,8133,8156,8015,8091,154412
20210405,8128,8472,8109,8472,242457
20210406,8505,8505,8354,8406,174388
20210407,8406,8580,8406,8580,161660
20210408,8533,8829,8514,8759,210151
20210409,8787,8834,8655,8730,144822
20210412,8796,8848,8693,8787,414993
20210413,8777,9013,8712,8763,183979
20210414,8787,8890,8608,8857,197996
20210415,8886,9055,8867,9027,151808
20210416,9017,9050,8942,9013,131001
20210419,9008,9064,8928,9041,99179
20210420,9041,9126,9022,9126,112066
20210421,9064,9210,9031,9144,163400
20210422,9201,9285,9163,9285,178537
20210423,9262,9699,9229,9638,327558
20210426,9737,9869,9610,9746,315467
20210427,9803,10457,9784,10358,621915
20210428,10509,10541,10189,10330,538515
20210429,10472,10705,10434,10515,584155
20210430,10620,10644,9983,10064,652903
20210503,9978,10201,9731,9788,524048
20210504,9888,9964,9612,9907,365413
20210506,9992,10496,9959,10439,607262
20210507,10544,10629,10339,10596,650589
20210510,10653,11000,10653,10948,515055
20210511,10924,11447,10857,11357,1183902
20210512,11423,11556,10967,11290,1029653
20210513,10934,11214,10558,10648,905269
20210514,10653,10781,10268,10373,642245
20210517,10430,10520,10106,10230,608405
20210518,10296,10758,10287,10710,525929
20210520,10458,10458,10159,10258,602498
20210521,10249,10277,9949,10130,581994
20210524,10078,10192,9930,10030,293442
20210525,10073,10130,9973,10054,301006
20210526,9992,10011,9645,9721,704569
20210527,9797,9964,9731,9854,475096
20210528,10054,10106,9968,9997,417257
20210531,10097,10097,9769,9964,440347
20210601,10007,10230,9945,9983,582608
20210602,10078,10125,9935,9983,499973
20210603,9930,9930,9755,9807,383439
20210604,9821,9902,9736,9883,475621
20210607,9902,9916,9612,9645,429140
20210608,9631,9678,9479,9645,375156
20210609,9678,9683,9455,9488,422459
20210610,9441,9645,9431,9545,317078
20210611,9631,9864,9593,9859,457714
20210614,9897,9973,9793,9850,227010
20210615,9840,9878,9697,9788,302989
20210616,9774,9840,9736,9802,203181
20210617,9712,9731,9631,9650,305850
20210618,9526,9598,9517,9583,400182
20210621,9488,9503,9365,9408,341990
20210622,9503,9854,9503,9702,552553
20210623,9788,9807,9583,9602,338623
20210624,9636,9921,9593,9921,549911
20210625,10106,10116,9921,9930,620486
20210628,9983,10087,9845,10016,484289
20210629,9945,9945,9726,9745,507677
20210630,9783,9831,9664,9755,286074
20210701,9736,9755,9645,9669,222179
20210702,9683,9840,9683,9712,330179
20210705,9807,9835,9678,9721,224223
20210706,9750,9750,9664,9688,154635
20210707,9617,9645,9526,9550,185112
20210708,9593,9821,9574,9583,372787
20210709,9465,9465,9222,9412,419948
20210712,9555,9697,9531,9583,314327
20210713,9640,9669,9531,9631,358204
20210714,9631,9712,9574,9645,231317
20210715,9674,9793,9659,9783,266807
20210716,9707,9807,9669,9745,156855
20210719,9621,9640,9474,9507,255903
20210720,9341,9450,9331,9398,198037
20210721,9493,9541,9455,9474,159443
20210722,9541,9740,9541,9740,341765
20210723,9821,10054,9750,9964,790390
20210726,10030,10102,9888,9892,277292
20210727,9968,10168,9949,10054,297355
20210728,10035,10149,9987,10035,225839
20210729,10092,10121,9878,9930,226160
20210730,9992,10144,9940,10087,424459
20210802,10159,10163,9878,9964,201284
20210803,9911,9911,9569,9631,526494
20210804,9678,9774,9621,9774,215659
20210805,9693,9755,9669,9721,128410
20210806,9717,9736,9640,9655,124949
20210809,9621,9621,9498,9536,218476
20210810,9560,9583,9469,9503,330282
20210811,9607,9721,9555,9574,242194
20210812,9626,9669,9555,9569,143107
20210813,9541,9626,9346,9488,237153
20210817,9450,9493,9184,9227,260276
20210818,9194,9327,9060,9279,135530
20210819,9189,9217,8794,8809,287610
20210820,8809,8899,8580,8614,251136
20210823,8671,8799,8571,8718,125187
20210824,8785,9094,8785,9075,224254
20210825,9175,9346,9089,9165,263718
20210826,9127,9203,9089,9103,82402
20210827,9060,9099,8989,9060,93184
20210830,9175,9408,9146,9374,277094
20210831,9412,9498,9303,9498,204634
20210901,9479,9526,9455,9493,104781
20210902,9498,9740,9498,9526,393642
20210903,9536,9579,9507,9574,237054
20210906,9560,9588,9479,9531,160433
20210907,9593,9831,9574,9788,376375
20210908,9826,9959,9759,9916,595493
20210909,9888,9892,9598,9617,318469
20210910,9669,9707,9564,9626,403299
20210913,9621,9854,9574,9850,485927
20210914,9864,9940,9736,9769,334075
20210915,9707,9740,9588,9626,151425
20210916,9717,9864,9659,9712,92617
20210917,9650,9678,9579,9650,165565
20210923,9541,9541,9270,9327,297546
20210924,9365,9427,9236,9260,182904
20210927,9179,9260,9132,9189,134381
20210928,9255,9255,9003,9079,210380
20210929,8842,8965,8823,8965,213494
20210930,8889,8989,8870,8956,123660
20211001,8875,8918,8699,8756,211047
20211005,8604,8789,8523,8699,169965
20211006,8766,8832,8485,8485,202922
20211007,8533,8685,8533,8666,121248
20211008,8728,8856,8728,8756,90198
20211012,8756,8927,8756,8842,260414
20211013,8832,9099,8799,9075,228675
20211014,9246,9289,9113,9194,253126
20211015,9303,9308,9165,9246,195822
20211018,9303,9327,9236,9241,103062
20211019,9241,9279,9170,9203,119740
20211020,9165,9184,8913,8913,257858
20211021,8923,9013,8899,8932,103861
20211022,8856,8889,8699,8747,440713
20211025,8737,8875,8604,8870,167658
20211026,8937,8965,8861,8894,178654
20211027,8932,8932,8804,8804,126295
20211028,8804,8804,8561,8585,266405
20211029,8642,8642,8476,8504,231691
20211101,8471,8557,8428,8461,167099
20211102,8457,8609,8442,8442,211170
20211103,8471,8485,8390,8390,90238
20211104,8476,8500,8300,8319,160949
20211105,8352,8366,8043,8105,294194
20211108,8105,8129,7948,8105,153287
20211109,8114,8210,8076,8133,106312
20211110,8076,8076,7881,7896,216562
20211111,7810,7929,7767,7834,192024
20211112,7905,8214,7905,8214,486344
20211115,8214,8233,8100,8176,281011
20211116,8148,8167,8067,8091,238011
20211117,8086,8086,7867,7867,425863
20211118,7843,7920,7786,7843,315145
20211119,7848,7962,7839,7886,397513
20211122,7843,7929,7820,7924,266671
20211123,7948,8143,7948,8043,438860
20211124,8038,8053,7920,7939,242309
20211125,7910,7920,7848,7872,165569
20211126,7886,7924,7758,7782,314109
20211129,7525,7672,7525,7568,280180
20211130,7596,7653,7302,7354,276254
20211201,7382,7644,7311,7563,566738
20211202,7496,7786,7477,7786,261372
20211203,7867,7867,7739,7848,191510
20211206,7829,8019,7725,7943,201486
20211207,7981,8029,7915,7996,164751
20211208,8038,8138,7981,8000,266766
20211209,8015,8062,7981,8043,296802
20211210,7986,8072,7953,8067,236458
20211213,8038,8143,8029,8048,322324
20211214,7986,8057,7948,8038,84897
20211215,8024,8053,7977,8005,64979
20211216,8072,8072,7958,8034,111445
20211217,8029,8281,8024,8233,370105
20211220,8195,8195,7996,8005,158380
20211221,8034,8053,7943,7996,105397
20211222,8043,8095,8019,8043,103704
20211223,8067,8143,8057,8110,122632
20211224,8129,8181,8095,8119,96715
20211227,8124,8181,8062,8062,146614
20211228,8081,8095,8019,8062,109260
20211229,8152,8186,8053,8157,104333
20211230,8133,8143,8038,8053,117713
20220103,8057,8157,8057,8133,1036535
20220104,8133,8338,8129,8328,352901
20220105,8381,8509,8347,8457,398739
20220106,8447,8709,8428,8623,643226
20220107,8618,8637,8485,8633,273134
20220110,8633,8709,8561,8590,212237
20220111,8547,8609,8452,8528,178862
20220112,8557,8699,8557,8680,190274
20220113,8789,8913,8756,8832,646401
20220114,8694,8770,8642,8666,282187
20220117,8633,8633,8423,8452,197664
20220118,8452,8452,8271,8305,531764
20220119,8210,8533,8210,8343,1325189
20220120,8390,8485,8290,8328,486065
20220121,8286,8286,8176,8243,178265
20220124,8200,8262,7953,7958,224961
20220125,7929,7943,7744,7767,345003
20220126,7763,7858,7739,7801,117523
20220127,7725,7839,7463,7501,248339
20220128,7568,7720,7449,7701,243673
20220203,7905,7967,7815,7910,194592
20220204,7910,8005,7891,7991,94429
20220207,7991,7991,7810,7962,115100
20220208,8005,8095,7829,7896,102044
20220209,7967,8205,7967,8205,428297
20220210,8257,8257,8129,8133,247063
20220211,8100,8371,8095,8238,472301
20220214,8152,8191,8038,8114,197787
20220215,8143,8176,7962,7972,304944
20220216,8100,8100,7977,8072,283110
20220217,8100,8171,8005,8081,439214
20220218,7996,8157,7958,8157,245239
20220221,8048,8152,8005,8152,76295
20220222,8067,8100,7996,8081,150675
20220223,8157,8248,8100,8224,260761
20220224,8157,8214,8057,8091,283768
20220225,8200,8200,8091,8119,291572
20220228,8119,8357,8110,8357,306594
20220302,8376,8557,8376,8519,418466
20220303,8618,8628,8538,8566,325799
20220304,8618,8747,8542,8737,322606
20220307,8770,8770,8666,8709,432210
20220308,8642,8661,8300,8305,249136
20220310,8423,8447,8324,8438,377909
20220311,8423,8480,8395,8476,170656
20220314,8566,8775,8523,8661,602973
20220315,8580,8595,8447,8457,313367
20220316,8500,8514,8343,8466,265528
20220317,8547,8585,8461,8461,169764
20220318,8561,8680,8504,8523,342650
20220321,8566,8595,8514,8533,149418
20220322,8604,8694,8604,8666,252632
20220323,8785,9051,8780,8970,762649
20220324,9013,9013,8809,8937,318777
20220325,8937,8937,8794,8828,188965
20220328,8789,8885,8694,8847,254189
20220329,8875,8918,8809,8837,166749
20220330,8870,8894,8704,8728,254732
20220331,8751,8866,8751,8842,487514
20220401,8775,8785,8694,8751,611234
20220404,8785,8866,8751,8866,254677
20220405,8870,8904,8832,8837,188837
20220406,8818,8923,8818,8880,437107
20220407,8956,9022,8828,8856,479895
20220408,8880,8951,8847,8889,121732
20220411,8866,9018,8866,8937,363082
20220412,8885,8946,8813,8946,159670
20220413,9018,9127,9018,9070,387629
20220414,9079,9208,9075,9132,378254
20220415,9194,9260,9122,9137,254616
20220418,9118,9189,9065,9160,213374
20220419,9189,9398,9156,9393,532572
20220420,9408,9588,9331,9583,753156
20220421,9636,9683,9598,9631,561061
20220422,9550,9593,9460,9579,450651
20220425,9488,9531,9331,9331,481180
20220426,9350,9369,9103,9122,743322
20220427,8970,9127,8937,9108,385864
20220428,9128,9391,9128,9323,381369
20220429,9308,9323,9176,9269,437642
20220502,9201,9337,9201,9323,204986
20220503,9332,9352,9210,9230,335867
20220504,9210,9288,9132,9137,237705
20220506,9050,9074,8957,9040,239098
20220509,8996,8996,8815,8840,165374
20220510,8728,8767,8586,8728,493856
20220511,8674,8713,8586,8620,175160
20220512,8562,8747,8542,8577,184614
20220513,8620,8708,8572,8606,322851
20220516,8689,8703,8577,8650,141320
20220517,8669,8733,8669,8698,282471
20220518,8737,8796,8635,8679,133419
20220519,8489,8611,8469,8552,127272
20220520,8611,8737,8611,8718,257116
20220523,8728,8737,8669,8728,120539
20220524,8737,8811,8630,8630,152310
20220525,8664,8757,8655,8703,201052
20220526,8713,8825,8713,8801,142213
20220527,8864,8898,8815,8830,72197
20220530,8893,8928,8864,8884,93168
20220531,8903,8903,8830,8893,98552
20220602,8864,8923,8825,8889,160859
20220603,8967,8967,8811,8840,264941
20220607,8859,8932,8801,8830,165276
20220608,8830,8864,8752,8757,111958
20220609,8752,8757,8684,8742,64500
20220610,8635,8640,8572,8596,96194
20220613,8406,8416,8235,8240,104193
20220614,8104,8157,8016,8094,76132
20220615,8104,8138,7821,7884,156541
20220616,7967,8069,7933,7938,117526
20220617,7733,7874,7709,7860,189895
20220620,7899,7899,7479,7533,476441
20220621,7538,7621,7479,7553,691951
20220622,7596,7616,7289,7309,97717
20220623,7270,7284,7026,7041,340049
20220624,6982,7250,6982,7226,137027
20220627,7284,7353,7138,7333,108675
20220628,7353,7445,7270,7348,118863
20220629,7231,7260,7197,7197,63666
20220630,7197,7236,7075,7075,76292
20220701,7094,7192,7006,7070,96079
20220704,7084,7114,6894,7002,90583
20220705,7080,7236,7011,7226,148824
20220706,7123,7123,6846,6870,160823
20220707,6924,6938,6855,6894,93208
20220708,6972,7065,6958,6972,61213
20220711,6997,7002,6889,6919,65098
20220712,6904,6904,6689,6728,83659
20220713,6733,6846,6680,6802,149186
20220714,6753,6792,6699,6772,55945
20220715,6816,6816,6611,6714,89722
20220718,6743,6855,6719,6855,140731
20220719,6846,6924,6816,6914,68026
20220720,7006,7011,6928,6963,72310
20220721,6948,7026,6909,7026,51070
20220722,7021,7031,6963,6992,63753
20220725,6977,7050,6972,7021,30788
20220726,7011,7055,6987,7050,45058
20220727,7060,7060,6967,7031,31600
20220728,7070,7128,7070,7104,61835
20220729,7138,7236,7138,7226,58732
20220801,7270,7343,7216,7260,116602
20220802,7260,7260,7104,7119,110201
20220803,7119,7138,7084,7128,78048
20220804,7177,7177,7094,7099,87039
20220805,7143,7333,7143,7333,252168
20220808,7392,7543,7348,7533,276309
20220809,7557,7718,7557,7606,258939
20220810,7635,7723,7616,7679,328526
20220811,7748,7909,7748,7909,480116
20220812,7855,8016,7850,7967,257323
20220816,8045,8108,7913,7913,244156
20220817,7987,8079,7855,7865,299378
20220818,7821,7821,7743,7777,163700
20220819,7835,7835,7748,7748,259000
20220822,7655,7733,7626,7645,181439
20220823,7577,7616,7533,7572,197673
20220824,7577,7665,7572,7650,178270
20220825,7660,7777,7650,7772,290423
20220826,7801,7860,7757,7835,312837
20220829,7587,7840,7577,7821,844733
20220830,7894,8152,7889,7948,558689
20220831,7967,8240,7923,8186,590532
20220901,8069,8143,7884,7884,278111
20220902,7904,7904,7665,7718,240480
20220905,7665,7909,7665,7811,545318
20220906,7845,7977,7806,7879,214419
20220907,7840,7909,7728,7743,225964
20220908,7767,7782,7640,7704,73390
20220913,7801,8026,7772,8016,242740
20220914,7772,7879,7728,7845,227277
20220915,7899,7933,7772,7889,237404
20220916,7860,7938,7743,7752,122872
20220919,7704,7709,7470,7475,75423
20220920,7523,7655,7523,7596,79623
20220921,7538,7645,7523,7587,68033
20220922,7470,7518,7411,7504,101757
20220923,7504,7699,7436,7484,271093
20220926,7343,7362,7045,7050,193273
20220927,7104,7104,6977,7089,125050
20220928,7021,7104,6821,6860,176178
20220929,6977,7055,6850,6850,179301
20220930,6811,6894,6748,6807,108173
20221004,6885,7099,6865,7060,183880
20221005,7182,7197,7045,7109,234783
20221006,7143,7240,7133,7221,95238
20221007,7138,7211,7109,7143,122772
20221011,7031,7099,7002,7089,101703
20221012,7041,7167,6938,7153,238386
20221013,7143,7255,7109,7109,101553
20221014,7197,7338,7177,7275,148509
20221017,7187,7333,7177,7318,62288
20221018,7431,7431,7245,7377,121239
20221019,7387,7509,7372,7387,77504
20221020,7348,7421,7289,7372,64500
20221021,7338,7338,7153,7162,167185
20221024,7289,7353,7236,7294,105767
20221025,7275,7275,7128,7172,71929
20221026,7133,7197,7089,7109,85903
20221027,7182,7348,7182,7343,533045
20221028,7343,7382,7187,7221,26703
20221031,7299,7299,7177,7245,30486
20221101,7255,7348,7192,7333,81842
20221102,7328,7465,7318,7362,45075
20221103,7206,7348,7114,7299,39404
20221104,7265,7279,7153,7245,22952
20221107,7279,7548,7279,7538,92655
20221108,7557,7635,7479,7514,49655
20221109,7553,7738,7553,7713,58267
20221110,7596,7757,7567,7655,53822
20221111,7835,7850,7723,7801,37818
20221114,7865,8084,7865,7987,60420
20221115,7972,8040,7923,8006,54299
20221116,7996,8084,7816,8055,33238
20221117,8011,8050,7977,8011,9777
20221118,8055,8113,7987,8011,87003
20221121,7996,8016,7913,7982,41208
20221122,7996,8089,7977,8089,32172
20221123,8123,8211,8079,8182,68947
20221124,8177,8196,8006,8016,35032
20221125,8021,8216,8016,8201,54975
20221128,8255,8255,8108,8133,47628
20221129,8113,8172,8079,8172,38127
20221130,8143,8289,8099,8264,57492
20221201,8303,8377,8269,8313,117223
20221202,8274,8289,8133,8138,13038
20221205,8147,8191,8060,8147,17734
20221206,8006,8084,7913,7938,30958
20221207,7899,8055,7899,7991,15055
20221208,7977,7977,7840,7869,11652
20221209,7923,7962,7811,7962,22804
20221212,7948,7948,7816,7826,31833
20221213,7860,7913,7801,7865,29598
20221214,7874,7918,7850,7899,21422
20221215,7855,7884,7816,7840,11780
20221216,7743,7801,7699,7743,10306
20221219,7689,7757,7679,7704,11229
20221220,7674,7709,7616,7670,27316
20221221,7718,7801,7684,7723,31439
20221222,7728,7801,7723,7801,19154
20221223,7674,7743,7660,7694,13439
20221226,7650,7718,7650,7713,19247
20221227,7674,7762,7674,7748,19233
20221228,7772,7909,7767,7874,14115
20221229,7767,7801,7592,7611,50123
20230102,7592,7592,7392,7436,68897
20230103,7426,7426,7172,7387,65091
20230104,7309,7436,7294,7406,63361
20230105,7387,7475,7367,7460,114349
20230106,7382,7621,7382,7621,67567
20230109,7631,7830,7631,7830,45717
20230110,7787,7874,7787,7860,83020
20230111,7860,7923,7860,7923,107019
20230112,7899,8011,7899,7923,31466
20230113,7938,8172,7938,8123,84105
20230116,8245,8245,8118,8211,105318
20230117,8211,8260,8113,8138,58514
20230118,8065,8182,8026,8040,25745
20230119,7957,8118,7957,8074,52167
20230120,8030,8211,8030,8211,65273
20230125,8308,8308,8113,8133,97630
20230126,8128,8308,8128,8308,86167
20230127,8308,8367,8255,8338,60931
20230130,8269,8347,8182,8182,65076
20230131,8230,8303,8099,8104,33250
20230201,8211,8211,8138,8172,50828
20230202,8230,8269,8089,8138,52086
20230203,8108,8108,8011,8069,59630
20230206,8123,8123,8011,8040,41531
20230207,8060,8060,7943,7967,98136
20230208,7967,8055,7967,8001,41543
20230209,7972,8065,7967,8045,45663
20230210,8016,8021,7938,8021,33471
20230213,7987,8069,7948,8050,47084
20230214,8065,8162,8065,8123,97669
20230215,8128,8445,8128,8308,226111
20230216,8357,8372,8299,8372,103147
20230217,8308,8630,8308,8542,260032
20230220,8635,8825,8625,8820,235136
20230221,8962,9079,8874,9079,354351
20230222,8913,9030,8869,8923,185006
20230223,8879,8923,8708,8801,96032
20230224,8801,8801,8547,8591,143555
20230227,8591,8640,8538,8640,98315
20230228,8718,8723,8489,8518,102284
20230302,8616,8937,8616,8889,300712
20230303,8893,8903,8791,8889,131251
20230306,8820,8889,8611,8723,242557
20230307,8664,8864,8664,8781,121795
20230308,8689,8689,8513,8577,127337
20230309,8547,8625,8469,8494,51809
20230310,8391,8435,8299,8377,80227
20230313,8260,8411,8235,8411,57553
20230314,8406,8406,8123,8157,74058
20230315,8264,8362,8211,8269,59388
20230316,8172,8235,8079,8191,49283
20230317,8225,8289,8123,8182,46696
20230320,8138,8260,8133,8167,32639
20230321,8167,8318,8167,8284,80022
20230322,8303,8455,8299,8303,86322
20230323,8245,8391,8245,8357,53741
20230324,8328,8338,8216,8274,67174
20230327,8274,8430,8274,8430,36285
20230328,8518,8611,8474,8611,116299
20230329,8611,8703,8562,8703,97530
20230330,8659,8679,8552,8679,120317
20230331,8679,9108,8586,8908,518691
20230403,9030,9206,9001,9098,266711
20230404,9162,9162,8874,8893,156387
20230405,8811,8952,8767,8952,89491
20230406,8879,8879,8767,8815,76169
20230407,8815,8854,8772,8830,38639
20230410,8981,9206,8971,9069,226840
20230411,9108,9264,9010,9264,209114
20230412,9215,9552,9215,9288,260363
20230413,9171,9235,8962,9171,67238
20230414,9337,9591,9249,9557,180815
20230417,9679,9922,9635,9854,722263
20230418,9971,9976,9703,9771,302622
20230419,9776,9956,9776,9830,143733
20230420,9771,9937,9703,9752,107587
20230421,9654,9698,9449,9493,112450
20230424,9493,9581,9366,9444,148036
20230425,9488,9488,9069,9147,245397
20230426,9142,9176,8923,9050,131824
20230427,9065,9250,8915,9250,94524
20230428,9280,9280,8980,9025,80893
20230502,9025,9215,9025,9215,132201
20230503,9130,9195,9040,9050,24725
20230504,9050,9065,8900,9025,77128
20230508,9055,9055,8905,8910,25891
20230509,8880,8945,8800,8925,42802
20230510,8875,8950,8760,8785,34726
20230511,8810,8935,8810,8830,39593
20230512,8780,8805,8720,8725,25430
20230515,8685,8805,8635,8805,20697
20230516,8830,8835,8730,8795,76530
20230517,8735,8735,8670,8685,30581
20230518,8750,8820,8715,8790,63757
20230519,8865,8865,8705,8780,56658
20230522,8770,8865,8680,8865,84914
20230523,8915,8970,8875,8925,138550
20230524,8895,8950,8845,8920,57444
20230525,8860,8860,8725,8725,56802
20230526,8710,8755,8635,8700,29026
20230530,8700,8750,8610,8655,44266
20230531,8625,8690,8600,8600,28472
20230601,8630,8630,8550,8605,122724
20230602,8625,8825,8620,8825,108552
20230605,8860,9000,8860,9000,170774
20230607,8980,9035,8975,9020,72519
20230608,9040,9100,8995,9045,245871
20230609,9060,9100,8980,9015,98617
20230612,9055,9085,8980,8985,71542
20230613,9015,9015,8905,8945,96256
20230614,9010,9295,8935,8990,186819
20230615,9040,9075,8870,8915,117483
20230616,8960,9005,8915,9000,67600
20230619,9020,9100,8960,9015,100935
20230620,8955,8990,8830,8840,66293
20230621,8830,8865,8705,8725,76674
20230622,8700,8830,8640,8770,52690
20230623,8760,8775,8625,8645,31102
20230626,8665,8830,8665,8755,68302
20230627,8765,8900,8740,8875,65027
20230628,8900,8905,8680,8695,63133
20230629,8695,8790,8640,8645,25816
20230630,8665,8735,8640,8735,20844
20230703,8645,8825,8645,8805,399173
20230704,8730,8765,8635,8705,54939
20230705,8660,8670,8570,8640,102420
20230706,8600,8600,8420,8505,121096
20230707,8415,8440,8295,8440,79122
20230710,8440,8550,8430,8430,122371
20230711,8460,8545,8430,8515,38748
20230712,8515,8790,8500,8705,128243
20230713,8760,8845,8715,8840,73989
20230714,8855,9070,8835,9050,340981
20230717,9075,9280,9075,9135,357266
20230718,9190,9220,9115,9180,110234
20230719,9245,9370,9150,9185,97197
20230720,9045,9255,9040,9205,37589
20230721,9130,9565,9050,9525,124575
20230724,9605,10425,9595,10095,669273
20230725,10200,10495,10080,10465,469468
20230726,10550,10870,9760,9980,932337
20230727,9975,10300,9600,9870,129610
20230728,9715,10105,9710,10105,81228
20230731,10245,10500,10160,10435,119772
20230801,10530,10530,10245,10350,135065
20230802,10320,10490,10105,10165,66626
20230803,10115,10375,10070,10165,51932
20230804,10155,10155,10005,10020,47986
20230807,10015,10015,9755,9780,34348
20230808,9800,10040,9800,10020,35834
20230809,9960,10010,9885,10000,95738
20230810,9900,10020,9900,9945,33418
20230811,9985,10020,9810,9850,146741
20230814,9800,9830,9630,9725,199299
20230816,9680,9680,9420,9435,35757
20230817,9385,9425,9195,9390,37736
20230818,9315,9350,9235,9280,22169
20230821,9280,9415,9280,9325,16565
20230822,9335,9460,9335,9405,52863
20230823,9320,9405,9270,9295,20492
20230824,9380,9550,9285,9510,29833
20230825,9360,9660,9360,9600,42861
20230828,9730,9965,9680,9900,44067
20230829,9930,10050,9875,9890,36980
20230830,10010,10080,9930,9995,68073
20230831,9995,10100,9885,9920,50955
20230901,9865,9930,9775,9860,27039
20230904,9845,10330,9825,10285,92499
20230905,10255,10450,10240,10365,97808
20230906,10305,10430,10190,10210,42046
20230907,10140,10235,10010,10025,36873
20230908,10040,10220,10030,10220,22731
20230911,10290,10290,10045,10095,46101
20230912,10115,10120,9865,9910,74305
20230913,9795,9995,9780,9885,22486
20230914,9900,10010,9885,9970,34125
20230915,10010,10405,10010,10355,297649
20230918,10330,10415,10270,10345,138760
20230919,10430,10460,10310,10310,104788
20230920,10315,10480,10300,10460,87344
20230921,10350,10435,10145,10150,66283
20230922,10045,10205,10000,10180,54689
20230925,10120,10135,9845,9850,60178
20230926,9820,9935,9730,9730,24292
20230927,9620,9745,9585,9700,68468
20231004,9680,9680,9350,9360,25992
20231005,9510,9645,9425,9465,41210
20231006,9405,9580,9405,9545,13429
20231010,9615,9635,9315,9340,60237
20231011,9450,9500,9380,9470,111167
20231012,9500,9875,9500,9865,73718
20231013,9750,9900,9680,9710,28634
20231016,9620,9685,9500,9605,25329
20231017,9695,9765,9615,9635,34833
20231018,9650,9800,9635,9695,15592
20231019,9500,9510,9305,9355,49182
20231020,9240,9240,8980,9040,41083
20231023,9025,9025,8860,8930,23132
20231024,8950,9035,8620,8985,24551
20231025,9005,9015,8870,8890,37773
20231026,8725,8755,8555,8600,23715
20231027,8630,8875,8600,8705,21505
20231030,8640,9040,8625,9040,30137
20231031,9015,9015,8700,8740,200948
20231101,8745,8800,8585,8670,35350
20231102,8760,8880,8750,8855,37653
20231103,9035,9055,8820,8950,34326
20231106,9205,9665,9130,9665,185605
20231107,9600,9625,9170,9425,55323
20231108,9425,9495,9185,9200,49637
20231109,9295,9295,9045,9210,17634
20231110,9095,9160,9025,9155,18739
20231113,9180,9270,9055,9055,19968
20231114,9115,9270,9080,9165,39581
20231115,9340,9425,9230,9285,37312
20231116,9220,9270,9010,9235,35444
20231117,9195,9195,9040,9160,75085
20231120,9125,9270,9115,9255,46944
20231121,9285,9320,9205,9285,46975
20231122,9265,9350,9165,9350,78904
20231123,9340,9410,9320,9370,44858
20231124,9365,9470,9365,9460,74278
20231127,9395,9470,9305,9345,38030
20231128,9310,9380,9300,9380,42553
20231129,9400,9400,9285,9365,27332
20231130,9365,9430,9315,9430,45908
20231201,9430,9485,9355,9380,260665
20231204,9435,9550,9420,9500,170532
20231205,9485,9620,9460,9520,192642
20231206,9500,9555,9435,9450,81468
20231207,9420,9445,9210,9315,86606
20231208,9370,9420,9225,9360,55273
